0	1	0	0	7.61624e-103
0.0314159	0.999507	-0.0314159	0	7.61624e-103
0.0628319	0.998027	-0.0628008	0	7.61624e-103
0.0942478	0.995562	-0.0941238	0	7.61624e-103
0.125664	0.992114	-0.125354	0	7.61624e-103
0.15708	0.987687	-0.15646	0	7.61624e-103
0.188496	0.982286	-0.187412	0	7.61624e-103
0.219911	0.975915	-0.218179	0	7.61624e-103
0.251327	0.968581	-0.248731	0	7.61624e-103
0.282743	0.96029	-0.279037	0	7.61624e-103
0.314159	0.951053	-0.309067	0	7.61624e-103
0.345575	0.940876	-0.338793	0	7.61624e-103
0.376991	0.929771	-0.368184	0	7.61624e-103
0.408407	0.917748	-0.397212	0	7.61624e-103
0.439823	0.904819	-0.425848	0	7.61624e-103
0.471239	0.890998	-0.454064	0	7.61624e-103
0.502655	0.876297	-0.481831	0	7.61624e-103
0.534071	0.860731	-0.509123	0	7.61624e-103
0.565487	0.844315	-0.535913	0	7.61624e-103
0.596903	0.827067	-0.562173	0	7.61624e-103
0.628319	0.809002	-0.587879	0	7.61624e-103
0.659734	0.790138	-0.613004	0	7.61624e-103
0.69115	0.770495	-0.637525	0	7.61624e-103
0.722566	0.750091	-0.661416	0	7.61624e-103
0.753982	0.728947	-0.684654	0	7.61624e-103
0.785398	0.707084	-0.707217	0	7.61624e-103
0.816814	0.684523	-0.729082	0	7.61624e-103
0.84823	0.661286	-0.750227	0	7.61624e-103
0.879646	0.637396	-0.770631	0	7.61624e-103
0.911062	0.612877	-0.790275	0	7.61624e-103
0.942478	0.587754	-0.80914	0	7.61624e-103
0.973894	0.56205	-0.827205	0	7.61624e-103
1.00531	0.535792	-0.844454	0	7.61624e-103
1.03673	0.509005	-0.86087	0	7.61624e-103
1.06814	0.481715	-0.876436	0	7.61624e-103
1.09956	0.45395	-0.891137	0	7.61624e-103
1.13097	0.425737	-0.904959	0	7.61624e-103
1.16239	0.397104	-0.917887	0	7.61624e-103
1.19381	0.368079	-0.929909	0	7.61624e-103
1.22522	0.338691	-0.941014	0	7.61624e-103
1.25664	0.308968	-0.95119	0	7.61624e-103
1.28805	0.27894	-0.960427	0	7.61624e-103
1.31947	0.248637	-0.968716	0	7.61624e-103
1.35088	0.218089	-0.976049	0	7.61624e-103
1.3823	0.187325	-0.982419	0	7.61624e-103
1.41372	0.156377	-0.987819	0	7.61624e-103
1.44513	0.125274	-0.992245	0	7.61624e-103
1.47655	0.0940479	-0.995691	0	7.61624e-103
1.50796	0.0627286	-0.998154	0	7.61624e-103
1.53938	0.0313475	-0.999632	0	7.61624e-103
1.5708	-6.46036e-05	-1.00012	0	7.61624e-103
1.60221	-0.0314766	-0.999628	0	7.61624e-103
1.63363	-0.0628576	-0.998146	0	7.61624e-103
1.66504	-0.0941765	-0.995678	0	7.61624e-103
1.69646	-0.125402	-0.992228	0	7.61624e-103
1.72788	-0.156505	-0.987799	0	7.61624e-103
1.75929	-0.187452	-0.982395	0	7.61624e-103
1.79071	-0.218215	-0.976021	0	7.61624e-103
1.82212	-0.248762	-0.968684	0	7.61624e-103
1.85354	-0.279064	-0.960391	0	7.61624e-103
1.88496	-0.309091	-0.95115	0	7.61624e-103
1.91637	-0.338812	-0.94097	0	7.61624e-103
1.94779	-0.368199	-0.929862	0	7.61624e-103
1.9792	-0.397223	-0.917836	0	7.61624e-103
2.01062	-0.425854	-0.904903	0	7.61624e-103
2.04204	-0.454065	-0.891078	0	7.61624e-103
2.07345	-0.481828	-0.876374	0	7.61624e-103
2.10487	-0.509116	-0.860804	0	7.61624e-103
2.13628	-0.535901	-0.844385	0	7.61624e-103
2.1677	-0.562157	-0.827133	0	7.61624e-103
2.19911	-0.587858	-0.809064	0	7.61624e-103
2.23053	-0.61298	-0.790196	0	7.61624e-103
2.26195	-0.637496	-0.770549	0	7.61624e-103
2.29336	-0.661383	-0.750141	0	7.61624e-103
2.32478	-0.684617	-0.728993	0	7.61624e-103
2.35619	-0.707175	-0.707125	0	7.61624e-103
2.38761	-0.729036	-0.68456	0	7.61624e-103
2.41903	-0.750177	-0.661319	0	7.61624e-103
2.45044	-0.770577	-0.637425	0	7.61624e-103
2.48186	-0.790218	-0.612902	0	7.61624e-103
2.51327	-0.809078	-0.587774	0	7.61624e-103
2.54469	-0.827139	-0.562066	0	7.61624e-103
2.57611	-0.844385	-0.535803	0	7.61624e-103
2.60752	-0.860797	-0.509012	0	7.61624e-103
2.63894	-0.876359	-0.481718	0	7.61624e-103
2.67035	-0.891056	-0.453949	0	7.61624e-103
2.70177	-0.904874	-0.425731	0	7.61624e-103
2.73319	-0.917799	-0.397094	0	7.61624e-103
2.7646	-0.929818	-0.368064	0	7.61624e-103
2.79602	-0.94092	-0.338672	0	7.61624e-103
2.82743	-0.951092	-0.308945	0	7.61624e-103
2.85885	-0.960326	-0.278913	0	7.61624e-103
2.89027	-0.968613	-0.248605	0	7.61624e-103
2.92168	-0.975943	-0.218053	0	7.61624e-103
2.9531	-0.98231	-0.187285	0	7.61624e-103
2.98451	-0.987708	-0.156333	0	7.61624e-103
3.01593	-0.99213	-0.125226	0	7.61624e-103
3.04734	-0.995574	-0.0939951	0	7.61624e-103
3.07876	-0.998035	-0.0626719	0	7.61624e-103
3.11018	-0.999511	-0.0312868	0	7.61624e-103
3.14159	-1	0.000129223	0	7.61624e-103
3.17301	-0.999502	0.0315451	0	7.61624e-103
3.20442	-0.998018	0.0629298	0	7.61624e-103
3.23584	-0.995549	0.0942524	0	7.61624e-103
3.26726	-0.992098	0.125482	0	7.61624e-103
3.29867	-0.987667	0.156588	0	7.61624e-103
3.33009	-0.982262	0.187539	0	7.61624e-103
3.3615	-0.975887	0.218305	0	7.61624e-103
3.39292	-0.968548	0.248856	0	7.61624e-103
3.42434	-0.960254	0.279161	0	7.61624e-103
3.45575	-0.951013	0.30919	0	7.61624e-103
3.48717	-0.940832	0.338915	0	7.61624e-103
3.51858	-0.929723	0.368305	0	7.61624e-103
3.55	-0.917697	0.397331	0	7.61624e-103
3.58142	-0.904764	0.425965	0	7.61624e-103
3.61283	-0.890939	0.454179	0	7.61624e-103
3.64425	-0.876234	0.481944	0	7.61624e-103
3.67566	-0.860665	0.509234	0	7.61624e-103
3.70708	-0.844246	0.536022	0	7.61624e-103
3.7385	-0.826994	0.56228	0	7.61624e-103
3.76991	-0.808926	0.587983	0	7.61624e-103
3.80133	-0.790059	0.613106	0	7.61624e-103
3.83274	-0.770413	0.637624	0	7.61624e-103
3.86416	-0.750006	0.661513	0	7.61624e-103
3.89557	-0.728859	0.684748	0	7.61624e-103
3.92699	-0.706993	0.707308	0	7.61624e-103
3.95841	-0.684428	0.72917	0	7.61624e-103
3.98982	-0.661189	0.750312	0	7.61624e-103
4.02124	-0.637297	0.770714	0	7.61624e-103
4.05265	-0.612775	0.790355	0	7.61624e-103
4.08407	-0.587649	0.809216	0	7.61624e-103
4.11549	-0.561943	0.827278	0	7.61624e-103
4.1469	-0.535683	0.844523	0	7.61624e-103
4.17832	-0.508893	0.860936	0	7.61624e-103
4.20973	-0.481602	0.876498	0	7.61624e-103
4.24115	-0.453835	0.891196	0	7.61624e-103
4.27257	-0.42562	0.905014	0	7.61624e-103
4.30398	-0.396985	0.917938	0	7.61624e-103
4.3354	-0.367959	0.929957	0	7.61624e-103
4.36681	-0.338569	0.941058	0	7.61624e-103
4.39823	-0.308845	0.95123	0	7.61624e-103
4.42965	-0.278816	0.960463	0	7.61624e-103
4.46106	-0.248512	0.968748	0	7.61624e-103
4.49248	-0.217963	0.976077	0	7.61624e-103
4.52389	-0.187199	0.982443	0	7.61624e-103
4.55531	-0.156249	0.98784	0	7.61624e-103
4.58673	-0.125146	0.992261	0	7.61624e-103
4.61814	-0.0939192	0.995703	0	7.61624e-103
4.64956	-0.0625997	0.998162	0	7.61624e-103
4.68097	-0.0312183	0.999636	0	7.61624e-103
4.71239	0.000193811	1.00012	0	7.61624e-103
4.7438	0.0316058	0.999624	0	7.61624e-103
4.77522	0.0629865	0.998138	0	7.61624e-103
4.80664	0.0943051	0.995666	0	7.61624e-103
4.83805	0.125531	0.992212	0	7.61624e-103
4.86947	0.156632	0.987779	0	7.61624e-103
4.90088	0.187579	0.982371	0	7.61624e-103
4.9323	0.218341	0.975993	0	7.61624e-103
4.96372	0.248888	0.968652	0	7.61624e-103
4.99513	0.279188	0.960355	0	7.61624e-103
5.02655	0.309214	0.95111	0	7.61624e-103
5.05796	0.338934	0.940926	0	7.61624e-103
5.08938	0.368319	0.929814	0	7.61624e-103
5.1208	0.397341	0.917784	0	7.61624e-103
5.15221	0.425971	0.904848	0	7.61624e-103
5.18363	0.45418	0.89102	0	7.61624e-103
5.21504	0.481942	0.876311	0	7.61624e-103
5.24646	0.509227	0.860738	0	7.61624e-103
5.27788	0.53601	0.844316	0	7.61624e-103
5.30929	0.562264	0.82706	0	7.61624e-103
5.34071	0.587963	0.808988	0	7.61624e-103
5.37212	0.613082	0.790117	0	7.61624e-103
5.40354	0.637595	0.770467	0	7.61624e-103
5.43496	0.66148	0.750056	0	7.61624e-103
5.46637	0.684711	0.728905	0	7.61624e-103
5.49779	0.707267	0.707034	0	7.61624e-103
5.5292	0.729124	0.684466	0	7.61624e-103
5.56062	0.750262	0.661222	0	7.61624e-103
5.59203	0.77066	0.637325	0	7.61624e-103
5.62345	0.790297	0.6128	0	7.61624e-103
5.65487	0.809154	0.58767	0	7.61624e-103
5.68628	0.827212	0.561959	0	7.61624e-103
5.7177	0.844454	0.535694	0	7.61624e-103
5.74911	0.860862	0.508901	0	7.61624e-103
5.78053	0.876421	0.481605	0	7.61624e-103
5.81195	0.891115	0.453833	0	7.61624e-103
5.84336	0.904929	0.425614	0	7.61624e-103
5.87478	0.917851	0.396975	0	7.61624e-103
5.90619	0.929866	0.367944	0	7.61624e-103
5.93761	0.940963	0.33855	0	7.61624e-103
5.96903	0.951132	0.308822	0	7.61624e-103
6.00044	0.960363	0.278789	0	7.61624e-103
6.03186	0.968645	0.24848	0	7.61624e-103
6.06327	0.975971	0.217927	0	7.61624e-103
6.09469	0.982334	0.187158	0	7.61624e-103
6.12611	0.987728	0.156205	0	7.61624e-103
6.15752	0.992146	0.125097	0	7.61624e-103
6.18894	0.995586	0.0938665	0	7.61624e-103
6.22035	0.998043	0.0625429	0	7.61624e-103
6.25177	0.999515	0.0311576	0	7.61624e-103
6.28319	1	-0.000258446	0	7.61624e-103
6.3146	0.999498	-0.0316742	0	7.61624e-103
6.34602	0.99801	-0.0630588	0	7.61624e-103
6.37743	0.995537	-0.0943811	0	7.61624e-103
6.40885	0.992082	-0.12561	0	7.61624e-103
6.44026	0.987647	-0.156715	0	7.61624e-103
6.47168	0.982237	-0.187666	0	7.61624e-103
6.5031	0.975858	-0.218431	0	7.61624e-103
6.53451	0.968516	-0.248981	0	7.61624e-103
6.56593	0.960218	-0.279285	0	7.61624e-103
6.59734	0.950973	-0.309313	0	7.61624e-103
6.62876	0.940788	-0.339036	0	7.61624e-103
6.66018	0.929676	-0.368425	0	7.61624e-103
6.69159	0.917645	-0.397449	0	7.61624e-103
6.72301	0.904709	-0.426082	0	7.61624e-103
6.75442	0.89088	-0.454294	0	7.61624e-103
6.78584	0.876172	-0.482058	0	7.61624e-103
6.81726	0.860599	-0.509346	0	7.61624e-103
6.84867	0.844177	-0.536131	0	7.61624e-103
6.88009	0.826921	-0.562387	0	7.61624e-103
6.9115	0.80885	-0.588088	0	7.61624e-103
6.94292	0.78998	-0.613208	0	7.61624e-103
6.97434	0.77033	-0.637724	0	7.61624e-103
7.00575	0.74992	-0.66161	0	7.61624e-103
7.03717	0.72877	-0.684843	0	7.61624e-103
7.06858	0.706901	-0.7074	0	7.61624e-103
7.1	0.684334	-0.729258	0	7.61624e-103
7.13142	0.661092	-0.750398	0	7.61624e-103
7.16283	0.637197	-0.770796	0	7.61624e-103
7.19425	0.612673	-0.790434	0	7.61624e-103
7.22566	0.587545	-0.809291	0	7.61624e-103
7.25708	0.561836	-0.82735	0	7.61624e-103
7.28849	0.535574	-0.844593	0	7.61624e-103
7.31991	0.508782	-0.861001	0	7.61624e-103
7.35133	0.481489	-0.87656	0	7.61624e-103
7.38274	0.45372	-0.891254	0	7.61624e-103
7.41416	0.425503	-0.905069	0	7.61624e-103
7.44557	0.396867	-0.917989	0	7.61624e-103
7.47699	0.367839	-0.930004	0	7.61624e-103
7.50841	0.338447	-0.941101	0	7.61624e-103
7.53982	0.308722	-0.95127	0	7.61624e-103
7.57124	0.278692	-0.960499	0	7.61624e-103
7.60265	0.248387	-0.96878	0	7.61624e-103
7.63407	0.217837	-0.976106	0	7.61624e-103
7.66549	0.187072	-0.982467	0	7.61624e-103
7.6969	0.156122	-0.98786	0	7.61624e-103
7.72832	0.125018	-0.992277	0	7.61624e-103
7.75973	0.0937906	-0.995715	0	7.61624e-103
7.79115	0.0624707	-0.99817	0	7.61624e-103
7.82257	0.0310892	-0.99964	0	7.61624e-103
7.85398	-0.000323018	-1.00012	0	7.61624e-103
7.8854	-0.0317349	-0.99962	0	7.61624e-103
7.91681	-0.0631155	-0.998129	0	7.61624e-103
7.94823	-0.0944338	-0.995654	0	7.61624e-103
7.97965	-0.125659	-0.992196	0	7.61624e-103
8.01106	-0.15676	-0.987759	0	7.61624e-103
8.04248	-0.187706	-0.982346	0	7.61624e-103
8.07389	-0.218467	-0.975965	0	7.61624e-103
8.10531	-0.249013	-0.96862	0	7.61624e-103
8.13672	-0.279312	-0.960319	0	7.61624e-103
8.16814	-0.309336	-0.95107	0	7.61624e-103
8.19956	-0.339055	-0.940883	0	7.61624e-103
8.23097	-0.368439	-0.929767	0	7.61624e-103
8.26239	-0.39746	-0.917733	0	7.61624e-103
8.2938	-0.426088	-0.904793	0	7.61624e-103
8.32522	-0.454296	-0.890961	0	7.61624e-103
8.35664	-0.482055	-0.876249	0	7.61624e-103
8.38805	-0.509338	-0.860673	0	7.61624e-103
8.41947	-0.536119	-0.844246	0	7.61624e-103
8.45088	-0.562371	-0.826987	0	7.61624e-103
8.4823	-0.588067	-0.808912	0	7.61624e-103
8.51372	-0.613184	-0.790038	0	7.61624e-103
8.54513	-0.637695	-0.770384	0	7.61624e-103
8.57655	-0.661576	-0.74997	0	7.61624e-103
8.60796	-0.684805	-0.728816	0	7.61624e-103
8.63938	-0.707358	-0.706943	0	7.61624e-103
8.6708	-0.729213	-0.684372	0	7.61624e-103
8.70221	-0.750348	-0.661125	0	7.61624e-103
8.73363	-0.770742	-0.637226	0	7.61624e-103
8.76504	-0.790376	-0.612698	0	7.61624e-103
8.79646	-0.80923	-0.587565	0	7.61624e-103
8.82788	-0.827285	-0.561852	0	7.61624e-103
8.85929	-0.844523	-0.535585	0	7.61624e-103
8.89071	-0.860928	-0.508789	0	7.61624e-103
8.92212	-0.876483	-0.481491	0	7.61624e-103
8.95354	-0.891174	-0.453718	0	7.61624e-103
8.98495	-0.904984	-0.425497	0	7.61624e-103
9.01637	-0.917902	-0.396857	0	7.61624e-103
9.04779	-0.929913	-0.367824	0	7.61624e-103
9.0792	-0.941007	-0.338428	0	7.61624e-103
9.11062	-0.951172	-0.308699	0	7.61624e-103
9.14203	-0.960399	-0.278664	0	7.61624e-103
9.17345	-0.968677	-0.248355	0	7.61624e-103
9.20487	-0.975999	-0.217801	0	7.61624e-103
9.23628	-0.982358	-0.187031	0	7.61624e-103
9.2677	-0.987748	-0.156077	0	7.61624e-103
9.29911	-0.992163	-0.124969	0	7.61624e-103
9.33053	-0.995598	-0.0937378	0	7.61624e-103
9.36195	-0.998051	-0.0624139	0	7.61624e-103
9.39336	-0.999519	-0.0310284	0	7.61624e-103
9.42478	-1	0.000387669	0	7.61624e-103
9.45619	-0.999494	0.0318034	0	7.61624e-103
9.48761	-0.998002	0.0631877	0	7.61624e-103
9.51903	-0.995525	0.0945097	0	7.61624e-103
9.55044	-0.992065	0.125738	0	7.61624e-103
9.58186	-0.987627	0.156843	0	7.61624e-103
9.61327	-0.982213	0.187793	0	7.61624e-103
9.64469	-0.97583	0.218557	0	7.61624e-103
9.67611	-0.968484	0.249106	0	7.61624e-103
9.70752	-0.960182	0.279409	0	7.61624e-103
9.73894	-0.950933	0.309436	0	7.61624e-103
9.77035	-0.940745	0.339158	0	7.61624e-103
9.80177	-0.929628	0.368545	0	7.61624e-103
9.83319	-0.917594	0.397568	0	7.61624e-103
9.8646	-0.904654	0.426199	0	7.61624e-103
9.89602	-0.890822	0.454409	0	7.61624e-103
9.92743	-0.87611	0.482171	0	7.61624e-103
9.95885	-0.860533	0.509457	0	7.61624e-103
9.99026	-0.844108	0.53624	0	7.61624e-103
10.0217	-0.826849	0.562494	0	7.61624e-103
10.0531	-0.808774	0.588192	0	7.61624e-103
10.0845	-0.789901	0.61331	0	7.61624e-103
10.1159	-0.770248	0.637823	0	7.61624e-103
10.1473	-0.749835	0.661706	0	7.61624e-103
10.1788	-0.728682	0.684937	0	7.61624e-103
10.2102	-0.70681	0.707491	0	7.61624e-103
10.2416	-0.68424	0.729347	0	7.61624e-103
10.273	-0.660995	0.750483	0	7.61624e-103
10.3044	-0.637097	0.770878	0	7.61624e-103
10.3358	-0.612571	0.790513	0	7.61624e-103
10.3673	-0.58744	0.809367	0	7.61624e-103
10.3987	-0.56173	0.827423	0	7.61624e-103
10.4301	-0.535465	0.844662	0	7.61624e-103
10.4615	-0.508671	0.861067	0	7.61624e-103
10.4929	-0.481375	0.876623	0	7.61624e-103
10.5243	-0.453605	0.891313	0	7.61624e-103
10.5558	-0.425386	0.905123	0	7.61624e-103
10.5872	-0.396748	0.918041	0	7.61624e-103
10.6186	-0.367718	0.930052	0	7.61624e-103
10.65	-0.338326	0.941145	0	7.61624e-103
10.6814	-0.308599	0.95131	0	7.61624e-103
10.7128	-0.278568	0.960535	0	7.61624e-103
10.7442	-0.248262	0.968812	0	7.61624e-103
10.7757	-0.217711	0.976134	0	7.61624e-103
10.8071	-0.186945	0.982492	0	7.61624e-103
10.8385	-0.155994	0.98788	0	7.61624e-103
10.8699	-0.12489	0.992293	0	7.61624e-103
10.9013	-0.0936619	0.995727	0	7.61624e-103
10.9327	-0.0623418	0.998178	0	7.61624e-103
10.9642	-0.03096	0.999644	0	7.61624e-103
10.9956	0.000452225	1.00012	0	7.61624e-103
11.027	0.031864	0.999616	0	7.61624e-103
11.0584	0.0632444	0.998121	0	7.61624e-103
11.0898	0.0945624	0.995642	0	7.61624e-103
11.1212	0.125787	0.99218	0	7.61624e-103
11.1527	0.156887	0.987738	0	7.61624e-103
11.1841	0.187833	0.982322	0	7.61624e-103
11.2155	0.218593	0.975936	0	7.61624e-103
11.2469	0.249138	0.968588	0	7.61624e-103
11.2783	0.279437	0.960283	0	7.61624e-103
11.3097	0.309459	0.95103	0	7.61624e-103
11.3411	0.339177	0.940839	0	7.61624e-103
11.3726	0.368559	0.929719	0	7.61624e-103
11.404	0.397578	0.917681	0	7.61624e-103
11.4354	0.426205	0.904738	0	7.61624e-103
11.4668	0.454411	0.890902	0	7.61624e-103
11.4982	0.482168	0.876187	0	7.61624e-103
11.5296	0.50945	0.860607	0	7.61624e-103
11.5611	0.536228	0.844177	0	7.61624e-103
11.5925	0.562478	0.826915	0	7.61624e-103
11.6239	0.588172	0.808836	0	7.61624e-103
11.6553	0.613286	0.789959	0	7.61624e-103
11.6867	0.637794	0.770302	0	7.61624e-103
11.7181	0.661673	0.749885	0	7.61624e-103
11.7496	0.684899	0.728728	0	7.61624e-103
11.781	0.707449	0.706851	0	7.61624e-103
11.8124	0.729301	0.684277	0	7.61624e-103
11.8438	0.750433	0.661028	0	7.61624e-103
11.8752	0.770824	0.637126	0	7.61624e-103
11.9066	0.790455	0.612596	0	7.61624e-103
11.9381	0.809305	0.58746	0	7.61624e-103
11.9695	0.827357	0.561745	0	7.61624e-103
12.0009	0.844592	0.535476	0	7.61624e-103
12.0323	0.860994	0.508678	0	7.61624e-103
12.0637	0.876546	0.481378	0	7.61624e-103
12.0951	0.891232	0.453603	0	7.61624e-103
12.1265	0.905039	0.42538	0	7.61624e-103
12.158	0.917953	0.396738	0	7.61624e-103
12.1894	0.929961	0.367704	0	7.61624e-103
12.2208	0.941051	0.338307	0	7.61624e-103
12.2522	0.951212	0.308576	0	7.61624e-103
12.2836	0.960435	0.27854	0	7.61624e-103
12.315	0.968709	0.24823	0	7.61624e-103
12.3465	0.976027	0.217675	0	7.61624e-103
12.3779	0.982383	0.186904	0	7.61624e-103
12.4093	0.987768	0.15595	0	7.61624e-103
12.4407	0.992179	0.124841	0	7.61624e-103
12.4721	0.99561	0.0936092	0	7.61624e-103
12.5035	0.998059	0.062285	0	7.61624e-103
12.535	0.999523	0.0308993	0	7.61624e-103
12.5664	1	-0.000516892	0	7.61624e-103
12.5978	0.99949	-0.0319326	0	7.61624e-103
12.6292	0.997994	-0.0633167	0	7.61624e-103
12.6606	0.995513	-0.0946384	0	7.61624e-103
12.692	0.992049	-0.125867	0	7.61624e-103
12.7235	0.987606	-0.156971	0	7.61624e-103
12.7549	0.982189	-0.18792	0	7.61624e-103
12.7863	0.975802	-0.218683	0	7.61624e-103
12.8177	0.968452	-0.249231	0	7.61624e-103
12.8491	0.960146	-0.279533	0	7.61624e-103
12.8805	0.950893	-0.309559	0	7.61624e-103
12.9119	0.940701	-0.339279	0	7.61624e-103
12.9434	0.92958	-0.368665	0	7.61624e-103
12.9748	0.917543	-0.397687	0	7.61624e-103
13.0062	0.904599	-0.426316	0	7.61624e-103
13.0376	0.890763	-0.454524	0	7.61624e-103
13.069	0.876048	-0.482284	0	7.61624e-103
13.1004	0.860468	-0.509568	0	7.61624e-103
13.1319	0.844038	-0.536349	0	7.61624e-103
13.1633	0.826776	-0.5626	0	7.61624e-103
13.1947	0.808698	-0.588297	0	7.61624e-103
13.2261	0.789821	-0.613412	0	7.61624e-103
13.2575	0.770166	-0.637923	0	7.61624e-103
13.2889	0.74975	-0.661803	0	7.61624e-103
13.3204	0.728593	-0.685031	0	7.61624e-103
13.3518	0.706718	-0.707582	0	7.61624e-103
13.3832	0.684146	-0.729435	0	7.61624e-103
13.4146	0.660898	-0.750568	0	7.61624e-103
13.446	0.636998	-0.770961	0	7.61624e-103
13.4774	0.612469	-0.790592	0	7.61624e-103
13.5088	0.587336	-0.809443	0	7.61624e-103
13.5403	0.561623	-0.827496	0	7.61624e-103
13.5717	0.535355	-0.844731	0	7.61624e-103
13.6031	0.50856	-0.861133	0	7.61624e-103
13.6345	0.481262	-0.876685	0	7.61624e-103
13.6659	0.45349	-0.891372	0	7.61624e-103
13.6973	0.425269	-0.905178	0	7.61624e-103
13.7288	0.39663	-0.918092	0	7.61624e-103
13.7602	0.367598	-0.930099	0	7.61624e-103
13.7916	0.338204	-0.941189	0	7.61624e-103
13.823	0.308476	-0.951349	0	7.61624e-103
13.8544	0.278444	-0.960571	0	7.61624e-103
13.8858	0.248137	-0.968845	0	7.61624e-103
13.9173	0.217585	-0.976162	0	7.61624e-103
13.9487	0.186818	-0.982516	0	7.61624e-103
13.9801	0.155867	-0.9879	0	7.61624e-103
14.0115	0.124761	-0.992309	0	7.61624e-103
14.0429	0.0935333	-0.995739	0	7.61624e-103
14.0743	0.0622128	-0.998186	0	7.61624e-103
14.1058	0.0308309	-0.999648	0	7.61624e-103
14.1372	-0.000581432	-1.00012	0	7.61624e-103
14.1686	-0.0319932	-0.999611	0	7.61624e-103
14.2	-0.0633734	-0.998113	0	7.61624e-103
14.2314	-0.094691	-0.99563	0	7.61624e-103
14.2628	-0.125915	-0.992163	0	7.61624e-103
14.2942	-0.157015	-0.987718	0	7.61624e-103
14.3257	-0.18796	-0.982298	0	7.61624e-103
14.3571	-0.218719	-0.975908	0	7.61624e-103
14.3885	-0.249263	-0.968555	0	7.61624e-103
14.4199	-0.279561	-0.960247	0	7.61624e-103
14.4513	-0.309582	-0.95099	0	7.61624e-103
14.4827	-0.339298	-0.940795	0	7.61624e-103
14.5142	-0.36868	-0.929671	0	7.61624e-103
14.5456	-0.397697	-0.91763	0	7.61624e-103
14.577	-0.426322	-0.904683	0	7.61624e-103
14.6084	-0.454526	-0.890844	0	7.61624e-103
14.6398	-0.482281	-0.876125	0	7.61624e-103
14.6712	-0.509561	-0.860541	0	7.61624e-103
14.7027	-0.536337	-0.844108	0	7.61624e-103
14.7341	-0.562584	-0.826842	0	7.61624e-103
14.7655	-0.588276	-0.80876	0	7.61624e-103
14.7969	-0.613388	-0.789879	0	7.61624e-103
14.8283	-0.637894	-0.770219	0	7.61624e-103
14.8597	-0.66177	-0.749799	0	7.61624e-103
14.8911	-0.684993	-0.728639	0	7.61624e-103
14.9226	-0.707541	-0.70676	0	7.61624e-103
14.954	-0.72939	-0.684183	0	7.61624e-103
14.9854	-0.750519	-0.660931	0	7.61624e-103
15.0168	-0.770907	-0.637027	0	7.61624e-103
15.0482	-0.790534	-0.612493	0	7.61624e-103
15.0796	-0.809381	-0.587356	0	7.61624e-103
15.1111	-0.82743	-0.561639	0	7.61624e-103
15.1425	-0.844661	-0.535367	0	7.61624e-103
15.1739	-0.86106	-0.508567	0	7.61624e-103
15.2053	-0.876608	-0.481265	0	7.61624e-103
15.2367	-0.891291	-0.453488	0	7.61624e-103
15.2681	-0.905094	-0.425263	0	7.61624e-103
15.2996	-0.918004	-0.396619	0	7.61624e-103
15.331	-0.930008	-0.367584	0	7.61624e-103
15.3624	-0.941095	-0.338185	0	7.61624e-103
15.3938	-0.951252	-0.308453	0	7.61624e-103
15.4252	-0.96047	-0.278416	0	7.61624e-103
15.4566	-0.968741	-0.248105	0	7.61624e-103
15.4881	-0.976056	-0.217548	0	7.61624e-103
15.5195	-0.982407	-0.186777	0	7.61624e-103
15.5509	-0.987788	-0.155822	0	7.61624e-103
15.5823	-0.992195	-0.124713	0	7.61624e-103
15.6137	-0.995622	-0.0934805	0	7.61624e-103
15.6451	-0.998067	-0.062156	0	7.61624e-103
15.6765	-0.999527	-0.0307701	0	7.61624e-103
15.708	-1	0.000646116	0	7.61624e-103
15.7394	-0.999486	0.0320617	0	7.61624e-103
15.7708	-0.997986	0.0634457	0	7.61624e-103
15.8022	-0.995501	0.094767	0	7.61624e-103
15.8336	-0.992033	0.125995	0	7.61624e-103
15.865	-0.987586	0.157098	0	7.61624e-103
15.8965	-0.982165	0.188047	0	7.61624e-103
15.9279	-0.975774	0.218809	0	7.61624e-103
15.9593	-0.96842	0.249356	0	7.61624e-103
15.9907	-0.96011	0.279657	0	7.61624e-103
16.0221	-0.950853	0.309682	0	7.61624e-103
16.0535	-0.940657	0.339401	0	7.61624e-103
16.085	-0.929533	0.368785	0	7.61624e-103
16.1164	-0.917491	0.397805	0	7.61624e-103
16.1478	-0.904544	0.426433	0	7.61624e-103
16.1792	-0.890704	0.454639	0	7.61624e-103
16.2106	-0.875985	0.482397	0	7.61624e-103
16.242	-0.860402	0.509679	0	7.61624e-103
16.2734	-0.843969	0.536458	0	7.61624e-103
16.3049	-0.826703	0.562707	0	7.61624e-103
16.3363	-0.808622	0.588401	0	7.61624e-103
16.3677	-0.789742	0.613515	0	7.61624e-103
16.3991	-0.770083	0.638022	0	7.61624e-103
16.4305	-0.749664	0.6619	0	7.61624e-103
16.4619	-0.728505	0.685125	0	7.61624e-103
16.4934	-0.706627	0.707674	0	7.61624e-103
16.5248	-0.684052	0.729524	0	7.61624e-103
16.5562	-0.660801	0.750654	0	7.61624e-103
16.5876	-0.636898	0.771043	0	7.61624e-103
16.619	-0.612367	0.790671	0	7.61624e-103
16.6504	-0.587231	0.809519	0	7.61624e-103
16.6819	-0.561516	0.827568	0	7.61624e-103
16.7133	-0.535246	0.8448	0	7.61624e-103
16.7447	-0.508449	0.861199	0	7.61624e-103
16.7761	-0.481149	0.876747	0	7.61624e-103
16.8075	-0.453374	0.89143	0	7.61624e-103
16.8389	-0.425153	0.905233	0	7.61624e-103
16.8704	-0.396511	0.918143	0	7.61624e-103
16.9018	-0.367478	0.930147	0	7.61624e-103
16.9332	-0.338083	0.941233	0	7.61624e-103
16.9646	-0.308353	0.951389	0	7.61624e-103
16.996	-0.27832	0.960607	0	7.61624e-103
17.0274	-0.248012	0.968877	0	7.61624e-103
17.0588	-0.217458	0.97619	0	7.61624e-103
17.0903	-0.186691	0.98254	0	7.61624e-103
17.1217	-0.155739	0.98792	0	7.61624e-103
17.1531	-0.124633	0.992325	0	7.61624e-103
17.1845	-0.0934047	0.995751	0	7.61624e-103
17.2159	-0.0620838	0.998194	0	7.61624e-103
17.2473	-0.0307018	0.999652	0	7.61624e-103
17.2788	0.000710639	1.00012	0	7.61624e-103
17.3102	0.0321223	0.999607	0	7.61624e-103
17.3416	0.0635023	0.998105	0	7.61624e-103
17.373	0.0948196	0.995617	0	7.61624e-103
17.4044	0.126043	0.992147	0	7.61624e-103
17.4358	0.157143	0.987698	0	7.61624e-103
17.4673	0.188087	0.982274	0	7.61624e-103
17.4987	0.218846	0.97588	0	7.61624e-103
17.5301	0.249388	0.968523	0	7.61624e-103
17.5615	0.279685	0.96021	0	7.61624e-103
17.5929	0.309705	0.95095	0	7.61624e-103
17.6243	0.33942	0.940751	0	7.61624e-103
17.6558	0.3688	0.929624	0	7.61624e-103
17.6872	0.397815	0.917579	0	7.61624e-103
17.7186	0.426439	0.904628	0	7.61624e-103
17.75	0.454641	0.890785	0	7.61624e-103
17.7814	0.482394	0.876062	0	7.61624e-103
17.8128	0.509672	0.860475	0	7.61624e-103
17.8442	0.536446	0.844039	0	7.61624e-103
17.8757	0.562691	0.826769	0	7.61624e-103
17.9071	0.588381	0.808684	0	7.61624e-103
17.9385	0.61349	0.7898	0	7.61624e-103
17.9699	0.637993	0.770137	0	7.61624e-103
18.0013	0.661867	0.749714	0	7.61624e-103
18.0327	0.685088	0.728551	0	7.61624e-103
18.0642	0.707632	0.706668	0	7.61624e-103
18.0956	0.729478	0.684089	0	7.61624e-103
18.127	0.750604	0.660834	0	7.61624e-103
18.1584	0.770989	0.636927	0	7.61624e-103
18.1898	0.790613	0.612391	0	7.61624e-103
18.2212	0.809457	0.587251	0	7.61624e-103
18.2527	0.827502	0.561532	0	7.61624e-103
18.2841	0.844731	0.535258	0	7.61624e-103
18.3155	0.861125	0.508456	0	7.61624e-103
18.3469	0.87667	0.481152	0	7.61624e-103
18.3783	0.891349	0.453373	0	7.61624e-103
18.4097	0.905149	0.425147	0	7.61624e-103
18.4411	0.918056	0.396501	0	7.61624e-103
18.4726	0.930056	0.367463	0	7.61624e-103
18.504	0.941138	0.338063	0	7.61624e-103
18.5354	0.951292	0.30833	0	7.61624e-103
18.5668	0.960506	0.278292	0	7.61624e-103
18.5982	0.968773	0.24798	0	7.61624e-103
18.6296	0.976084	0.217422	0	7.61624e-103
18.6611	0.982431	0.18665	0	7.61624e-103
18.6925	0.987808	0.155694	0	7.61624e-103
18.7239	0.992211	0.124585	0	7.61624e-103
18.7553	0.995634	0.0933519	0	7.61624e-103
18.7867	0.998075	0.062027	0	7.61624e-103
18.8181	0.999531	0.030641	0	7.61624e-103
18.8496	1	-0.000775339	0	7.61624e-103
18.881	0.999482	-0.0321909	0	7.61624e-103
18.9124	0.997978	-0.0635746	0	7.61624e-103
18.9438	0.995488	-0.0948957	0	7.61624e-103
18.9752	0.992017	-0.126123	0	7.61624e-103
19.0066	0.987566	-0.157226	0	7.61624e-103
19.0381	0.98214	-0.188174	0	7.61624e-103
19.0695	0.975745	-0.218936	0	7.61624e-103
19.1009	0.968387	-0.249481	0	7.61624e-103
19.1323	0.960074	-0.279781	0	7.61624e-103
19.1637	0.950813	-0.309805	0	7.61624e-103
19.1951	0.940613	-0.339522	0	7.61624e-103
19.2265	0.929485	-0.368905	0	7.61624e-103
19.258	0.91744	-0.397924	0	7.61624e-103
19.2894	0.904489	-0.42655	0	7.61624e-103
19.3208	0.890645	-0.454754	0	7.61624e-103
19.3522	0.875923	-0.482511	0	7.61624e-103
19.3836	0.860336	-0.50979	0	7.61624e-103
19.415	0.8439	-0.536567	0	7.61624e-103
19.4465	0.826631	-0.562814	0	7.61624e-103
19.4779	0.808546	-0.588506	0	7.61624e-103
19.5093	0.789663	-0.613617	0	7.61624e-103
19.5407	0.770001	-0.638122	0	7.61624e-103
19.5721	0.749578	-0.661997	0	7.61624e-103
19.6035	0.728416	-0.685219	0	7.61624e-103
19.635	0.706536	-0.707765	0	7.61624e-103
19.6664	0.683957	-0.729612	0	7.61624e-103
19.6978	0.660704	-0.750739	0	7.61624e-103
19.7292	0.636799	-0.771125	0	7.61624e-103
19.7606	0.612265	-0.79075	0	7.61624e-103
19.792	0.587127	-0.809595	0	7.61624e-103
19.8234	0.561409	-0.827641	0	7.61624e-103
19.8549	0.535137	-0.844869	0	7.61624e-103
19.8863	0.508337	-0.861264	0	7.61624e-103
19.9177	0.481036	-0.876809	0	7.61624e-103
19.9491	0.453259	-0.891489	0	7.61624e-103
19.9805	0.425036	-0.905288	0	7.61624e-103
20.0119	0.396392	-0.918194	0	7.61624e-103
20.0434	0.367358	-0.930194	0	7.61624e-103
20.0748	0.337961	-0.941276	0	7.61624e-103
20.1062	0.30823	-0.951429	0	7.61624e-103
20.1376	0.278196	-0.960643	0	7.61624e-103
20.169	0.247886	-0.968909	0	7.61624e-103
20.2004	0.217332	-0.976218	0	7.61624e-103
20.2319	0.186564	-0.982564	0	7.61624e-103
20.2633	0.155611	-0.98794	0	7.61624e-103
20.2947	0.124505	-0.992341	0	7.61624e-103
20.3261	0.093276	-0.995763	0	7.61624e-103
20.3575	0.0619549	-0.998202	0	7.61624e-103
20.3889	0.0305726	-0.999656	0	7.61624e-103
20.4204	-0.000839846	-1.00012	0	7.61624e-103
20.4518	-0.0322515	-0.999603	0	7.61624e-103
20.4832	-0.0636313	-0.998097	0	7.61624e-103
20.5146	-0.0949483	-0.995605	0	7.61624e-103
20.546	-0.126172	-0.992131	0	7.61624e-103
20.5774	-0.15727	-0.987677	0	7.61624e-103
20.6088	-0.188214	-0.982249	0	7.61624e-103
20.6403	-0.218972	-0.975852	0	7.61624e-103
20.6717	-0.249513	-0.968491	0	7.61624e-103
20.7031	-0.279809	-0.960174	0	7.61624e-103
20.7345	-0.309828	-0.95091	0	7.61624e-103
20.7659	-0.339541	-0.940707	0	7.61624e-103
20.7973	-0.36892	-0.929576	0	7.61624e-103
20.8288	-0.397934	-0.917527	0	7.61624e-103
20.8602	-0.426555	-0.904573	0	7.61624e-103
20.8916	-0.454756	-0.890726	0	7.61624e-103
20.923	-0.482508	-0.876	0	7.61624e-103
20.9544	-0.509783	-0.860409	0	7.61624e-103
20.9858	-0.536555	-0.843969	0	7.61624e-103
21.0173	-0.562798	-0.826696	0	7.61624e-103
21.0487	-0.588485	-0.808608	0	7.61624e-103
21.0801	-0.613592	-0.789721	0	7.61624e-103
21.1115	-0.638093	-0.770055	0	7.61624e-103
21.1429	-0.661964	-0.749628	0	7.61624e-103
21.1743	-0.685182	-0.728462	0	7.61624e-103
21.2058	-0.707723	-0.706577	0	7.61624e-103
21.2372	-0.729566	-0.683995	0	7.61624e-103
21.2686	-0.750689	-0.660737	0	7.61624e-103
21.3	-0.771071	-0.636827	0	7.61624e-103
21.3314	-0.790692	-0.612289	0	7.61624e-103
21.3628	-0.809533	-0.587147	0	7.61624e-103
21.3942	-0.827575	-0.561425	0	7.61624e-103
21.4257	-0.8448	-0.535149	0	7.61624e-103
21.4571	-0.861191	-0.508344	0	7.61624e-103
21.4885	-0.876732	-0.481038	0	7.61624e-103
21.5199	-0.891408	-0.453258	0	7.61624e-103
21.5513	-0.905204	-0.42503	0	7.61624e-103
21.5827	-0.918107	-0.396382	0	7.61624e-103
21.6142	-0.930103	-0.367343	0	7.61624e-103
21.6456	-0.941182	-0.337942	0	7.61624e-103
21.677	-0.951332	-0.308207	0	7.61624e-103
21.7084	-0.960542	-0.278168	0	7.61624e-103
21.7398	-0.968805	-0.247854	0	7.61624e-103
21.7712	-0.976112	-0.217296	0	7.61624e-103
21.8027	-0.982455	-0.186523	0	7.61624e-103
21.8341	-0.987828	-0.155567	0	7.61624e-103
21.8655	-0.992227	-0.124456	0	7.61624e-103
21.8969	-0.995646	-0.0932232	0	7.61624e-103
21.9283	-0.998083	-0.061898	0	7.61624e-103
21.9597	-0.999535	-0.0305118	0	7.61624e-103
21.9911	-1	0.000904562	0	7.61624e-103
22.0226	-0.999478	0.03232	0	7.61624e-103
22.054	-0.997969	0.0637036	0	7.61624e-103
22.0854	-0.995476	0.0950243	0	7.61624e-103
22.1168	-0.992	0.126251	0	7.61624e-103
22.1482	-0.987545	0.157354	0	7.61624e-103
22.1796	-0.982116	0.188301	0	7.61624e-103
22.2111	-0.975717	0.219062	0	7.61624e-103
22.2425	-0.968355	0.249607	0	7.61624e-103
22.2739	-0.960038	0.279905	0	7.61624e-103
22.3053	-0.950773	0.309928	0	7.61624e-103
22.3367	-0.940569	0.339644	0	7.61624e-103
22.3681	-0.929437	0.369025	0	7.61624e-103
22.3996	-0.917388	0.398042	0	7.61624e-103
22.431	-0.904434	0.426666	0	7.61624e-103
22.4624	-0.890587	0.45487	0	7.61624e-103
22.4938	-0.875861	0.482624	0	7.61624e-103
22.5252	-0.86027	0.509902	0	7.61624e-103
22.5566	-0.84383	0.536676	0	7.61624e-103
22.5881	-0.826558	0.562921	0	7.61624e-103
22.6195	-0.80847	0.58861	0	7.61624e-103
22.6509	-0.789584	0.613719	0	7.61624e-103
22.6823	-0.769918	0.638221	0	7.61624e-103
22.7137	-0.749493	0.662094	0	7.61624e-103
22.7451	-0.728328	0.685313	0	7.61624e-103
22.7765	-0.706444	0.707856	0	7.61624e-103
22.808	-0.683863	0.7297	0	7.61624e-103
22.8394	-0.660607	0.750825	0	7.61624e-103
22.8708	-0.636699	0.771208	0	7.61624e-103
22.9022	-0.612163	0.79083	0	7.61624e-103
22.9336	-0.587022	0.809671	0	7.61624e-103
22.965	-0.561302	0.827713	0	7.61624e-103
22.9965	-0.535028	0.844939	0	7.61624e-103
23.0279	-0.508226	0.86133	0	7.61624e-103
23.0593	-0.480922	0.876871	0	7.61624e-103
23.0907	-0.453144	0.891547	0	7.61624e-103
23.1221	-0.424919	0.905343	0	7.61624e-103
23.1535	-0.396274	0.918246	0	7.61624e-103
23.185	-0.367238	0.930242	0	7.61624e-103
23.2164	-0.337839	0.94132	0	7.61624e-103
23.2478	-0.308108	0.951469	0	7.61624e-103
23.2792	-0.278072	0.960679	0	7.61624e-103
23.3106	-0.247761	0.968941	0	7.61624e-103
23.342	-0.217206	0.976246	0	7.61624e-103
23.3734	-0.186437	0.982588	0	7.61624e-103
23.4049	-0.155484	0.98796	0	7.61624e-103
23.4363	-0.124377	0.992357	0	7.61624e-103
23.4677	-0.0931474	0.995775	0	7.61624e-103
23.4991	-0.0618259	0.99821	0	7.61624e-103
23.5305	-0.0304435	0.99966	0	7.61624e-103
23.5619	0.000969054	1.00012	0	7.61624e-103
23.5934	0.0323806	0.999599	0	7.61624e-103
23.6248	0.0637602	0.998088	0	7.61624e-103
23.6562	0.0950769	0.995593	0	7.61624e-103
23.6876	0.1263	0.992115	0	7.61624e-103
23.719	0.157398	0.987657	0	7.61624e-103
23.7504	0.188341	0.982225	0	7.61624e-103
23.7819	0.219098	0.975823	0	7.61624e-103
23.8133	0.249638	0.968459	0	7.61624e-103
23.8447	0.279933	0.960138	0	7.61624e-103
23.8761	0.309951	0.95087	0	7.61624e-103
23.9075	0.339663	0.940663	0	7.61624e-103
23.9389	0.36904	0.929528	0	7.61624e-103
23.9704	0.398052	0.917476	0	7.61624e-103
24.0018	0.426672	0.904518	0	7.61624e-103
24.0332	0.454871	0.890667	0	7.61624e-103
24.0646	0.482621	0.875938	0	7.61624e-103
24.096	0.509894	0.860343	0	7.61624e-103
24.1274	0.536664	0.8439	0	7.61624e-103
24.1588	0.562905	0.826624	0	7.61624e-103
24.1903	0.58859	0.808532	0	7.61624e-103
24.2217	0.613694	0.789641	0	7.61624e-103
24.2531	0.638192	0.769972	0	7.61624e-103
24.2845	0.662061	0.749543	0	7.61624e-103
24.3159	0.685276	0.728374	0	7.61624e-103
24.3473	0.707814	0.706486	0	7.61624e-103
24.3788	0.729655	0.6839	0	7.61624e-103
24.4102	0.750775	0.66064	0	7.61624e-103
24.4416	0.771154	0.636728	0	7.61624e-103
24.473	0.790772	0.612187	0	7.61624e-103
24.5044	0.809609	0.587042	0	7.61624e-103
24.5358	0.827647	0.561318	0	7.61624e-103
24.5673	0.844869	0.535039	0	7.61624e-103
24.5987	0.861257	0.508233	0	7.61624e-103
24.6301	0.876794	0.480925	0	7.61624e-103
24.6615	0.891467	0.453142	0	7.61624e-103
24.6929	0.905259	0.424913	0	7.61624e-103
24.7243	0.918158	0.396263	0	7.61624e-103
24.7558	0.930151	0.367223	0	7.61624e-103
24.7872	0.941226	0.33782	0	7.61624e-103
24.8186	0.951371	0.308084	0	7.61624e-103
24.85	0.960578	0.278044	0	7.61624e-103
24.8814	0.968837	0.247729	0	7.61624e-103
24.9128	0.97614	0.21717	0	7.61624e-103
24.9442	0.982479	0.186396	0	7.61624e-103
24.9757	0.987849	0.155439	0	7.61624e-103
25.0071	0.992243	0.124328	0	7.61624e-103
25.0385	0.995658	0.0930945	0	7.61624e-103
25.0699	0.998091	0.0617691	0	7.61624e-103
25.1013	0.999538	0.0303826	0	7.61624e-103
25.1327	0.999999	-0.00103378	0	7.61624e-103
25.1642	0.999474	-0.0324492	0	7.61624e-103
25.1956	0.997961	-0.0638326	0	7.61624e-103
25.227	0.995464	-0.0951529	0	7.61624e-103
25.2584	0.991984	-0.126379	0	7.61624e-103
25.2898	0.987525	-0.157481	0	7.61624e-103
25.3212	0.982092	-0.188427	0	7.61624e-103
25.3527	0.975689	-0.219188	0	7.61624e-103
25.3841	0.968323	-0.249732	0	7.61624e-103
25.4155	0.960002	-0.280029	0	7.61624e-103
25.4469	0.950733	-0.31005	0	7.61624e-103
25.4783	0.940525	-0.339766	0	7.61624e-103
25.5097	0.92939	-0.369145	0	7.61624e-103
25.5411	0.917337	-0.398161	0	7.61624e-103
25.5726	0.904379	-0.426783	0	7.61624e-103
25.604	0.890528	-0.454985	0	7.61624e-103
25.6354	0.875798	-0.482737	0	7.61624e-103
25.6668	0.860204	-0.510013	0	7.61624e-103
25.6982	0.843761	-0.536785	0	7.61624e-103
25.7296	0.826485	-0.563028	0	7.61624e-103
25.7611	0.808394	-0.588715	0	7.61624e-103
25.7925	0.789504	-0.613821	0	7.61624e-103
25.8239	0.769836	-0.638321	0	7.61624e-103
25.8553	0.749407	-0.662191	0	7.61624e-103
25.8867	0.728239	-0.685407	0	7.61624e-103
25.9181	0.706353	-0.707947	0	7.61624e-103
25.9496	0.683769	-0.729789	0	7.61624e-103
25.981	0.66051	-0.75091	0	7.61624e-103
26.0124	0.636599	-0.77129	0	7.61624e-103
26.0438	0.61206	-0.790909	0	7.61624e-103
26.0752	0.586917	-0.809747	0	7.61624e-103
26.1066	0.561195	-0.827786	0	7.61624e-103
26.1381	0.534919	-0.845008	0	7.61624e-103
26.1695	0.508115	-0.861396	0	7.61624e-103
26.2009	0.480809	-0.876933	0	7.61624e-103
26.2323	0.453029	-0.891606	0	7.61624e-103
26.2637	0.424802	-0.905398	0	7.61624e-103
26.2951	0.396155	-0.918297	0	7.61624e-103
26.3265	0.367118	-0.930289	0	7.61624e-103
26.358	0.337718	-0.941364	0	7.61624e-103
26.3894	0.307985	-0.951509	0	7.61624e-103
26.4208	0.277947	-0.960715	0	7.61624e-103
26.4522	0.247636	-0.968973	0	7.61624e-103
26.4836	0.21708	-0.976274	0	7.61624e-103
26.515	0.18631	-0.982612	0	7.61624e-103
26.5465	0.155356	-0.98798	0	7.61624e-103
26.5779	0.124249	-0.992374	0	7.61624e-103
26.6093	0.0930187	-0.995787	0	7.61624e-103
26.6407	0.061697	-0.998218	0	7.61624e-103
26.6721	0.0303143	-0.999664	0	7.61624e-103
26.7035	-0.00109826	-1.00012	0	7.61624e-103
26.735	-0.0325098	-0.999595	0	7.61624e-103
26.7664	-0.0638892	-0.99808	0	7.61624e-103
26.7978	-0.0952055	-0.99558	0	7.61624e-103
26.8292	-0.126428	-0.992098	0	7.61624e-103
26.8606	-0.157525	-0.987637	0	7.61624e-103
26.892	-0.188468	-0.982201	0	7.61624e-103
26.9234	-0.219224	-0.975795	0	7.61624e-103
26.9549	-0.249764	-0.968426	0	7.61624e-103
26.9863	-0.280057	-0.960102	0	7.61624e-103
27.0177	-0.310074	-0.95083	0	7.61624e-103
27.0491	-0.339784	-0.940619	0	7.61624e-103
27.0805	-0.36916	-0.929481	0	7.61624e-103
27.1119	-0.398171	-0.917424	0	7.61624e-103
27.1434	-0.426789	-0.904463	0	7.61624e-103
27.1748	-0.454986	-0.890608	0	7.61624e-103
27.2062	-0.482734	-0.875875	0	7.61624e-103
27.2376	-0.510005	-0.860277	0	7.61624e-103
27.269	-0.536773	-0.843831	0	7.61624e-103
27.3004	-0.563012	-0.826551	0	7.61624e-103
27.3319	-0.588694	-0.808455	0	7.61624e-103
27.3633	-0.613796	-0.789562	0	7.61624e-103
27.3947	-0.638292	-0.76989	0	7.61624e-103
27.4261	-0.662158	-0.749457	0	7.61624e-103
27.4575	-0.68537	-0.728285	0	7.61624e-103
27.4889	-0.707906	-0.706394	0	7.61624e-103
27.5204	-0.729743	-0.683806	0	7.61624e-103
27.5518	-0.75086	-0.660543	0	7.61624e-103
27.5832	-0.771236	-0.636628	0	7.61624e-103
27.6146	-0.790851	-0.612085	0	7.61624e-103
27.646	-0.809685	-0.586937	0	7.61624e-103
27.6774	-0.82772	-0.561211	0	7.61624e-103
27.7088	-0.844938	-0.53493	0	7.61624e-103
27.7403	-0.861322	-0.508122	0	7.61624e-103
27.7717	-0.876856	-0.480812	0	7.61624e-103
27.8031	-0.891525	-0.453027	0	7.61624e-103
27.8345	-0.905314	-0.424796	0	7.61624e-103
27.8659	-0.918209	-0.396145	0	7.61624e-103
27.8973	-0.930198	-0.367103	0	7.61624e-103
27.9288	-0.941269	-0.337699	0	7.61624e-103
27.9602	-0.951411	-0.307961	0	7.61624e-103
27.9916	-0.960614	-0.27792	0	7.61624e-103
28.023	-0.968869	-0.247604	0	7.61624e-103
28.0544	-0.976168	-0.217044	0	7.61624e-103
28.0858	-0.982503	-0.18627	0	7.61624e-103
28.1173	-0.987869	-0.155311	0	7.61624e-103
28.1487	-0.992259	-0.1242	0	7.61624e-103
28.1801	-0.99567	-0.0929659	0	7.61624e-103
28.2115	-0.998099	-0.0616401	0	7.61624e-103
28.2429	-0.999542	-0.0302535	0	7.61624e-103
28.2743	-0.999999	0.00116301	0	7.61624e-103
28.3057	-0.999469	0.0325783	0	7.61624e-103
28.3372	-0.997953	0.0639615	0	7.61624e-103
28.3686	-0.995451	0.0952816	0	7.61624e-103
28.4	-0.991968	0.126508	0	7.61624e-103
28.4314	-0.987505	0.157609	0	7.61624e-103
28.4628	-0.982067	0.188554	0	7.61624e-103
28.4942	-0.97566	0.219314	0	7.61624e-103
28.5257	-0.968291	0.249857	0	7.61624e-103
28.5571	-0.959965	0.280153	0	7.61624e-103
28.5885	-0.950693	0.310173	0	7.61624e-103
28.6199	-0.940481	0.339887	0	7.61624e-103
28.6513	-0.929342	0.369265	0	7.61624e-103
28.6827	-0.917285	0.398279	0	7.61624e-103
28.7142	-0.904324	0.4269	0	7.61624e-103
28.7456	-0.890469	0.4551	0	7.61624e-103
28.777	-0.875736	0.48285	0	7.61624e-103
28.8084	-0.860138	0.510124	0	7.61624e-103
28.8398	-0.843692	0.536894	0	7.61624e-103
28.8712	-0.826413	0.563135	0	7.61624e-103
28.9027	-0.808318	0.588819	0	7.61624e-103
28.9341	-0.789425	0.613923	0	7.61624e-103
28.9655	-0.769753	0.63842	0	7.61624e-103
28.9969	-0.749322	0.662288	0	7.61624e-103
29.0283	-0.728151	0.685501	0	7.61624e-103
29.0597	-0.706261	0.708039	0	7.61624e-103
29.0911	-0.683674	0.729877	0	7.61624e-103
29.1226	-0.660413	0.750995	0	7.61624e-103
29.154	-0.6365	0.771372	0	7.61624e-103
29.1854	-0.611958	0.790988	0	7.61624e-103
29.2168	-0.586813	0.809823	0	7.61624e-103
29.2482	-0.561088	0.827858	0	7.61624e-103
29.2796	-0.53481	0.845077	0	7.61624e-103
29.3111	-0.508003	0.861461	0	7.61624e-103
29.3425	-0.480696	0.876996	0	7.61624e-103
29.3739	-0.452914	0.891664	0	7.61624e-103
29.4053	-0.424685	0.905453	0	7.61624e-103
29.4367	-0.396037	0.918348	0	7.61624e-103
29.4681	-0.366997	0.930337	0	7.61624e-103
29.4996	-0.337596	0.941407	0	7.61624e-103
29.531	-0.307862	0.951549	0	7.61624e-103
29.5624	-0.277823	0.960751	0	7.61624e-103
29.5938	-0.247511	0.969005	0	7.61624e-103
29.6252	-0.216954	0.976302	0	7.61624e-103
29.6566	-0.186183	0.982636	0	7.61624e-103
29.6881	-0.155228	0.988001	0	7.61624e-103
29.7195	-0.12412	0.99239	0	7.61624e-103
29.7509	-0.0928901	0.995799	0	7.61624e-103
29.7823	-0.061568	0.998226	0	7.61624e-103
29.8137	-0.0301852	0.999668	0	7.61624e-103
29.8451	0.00122747	1.00012	0	7.61624e-103
29.8765	0.0326389	0.999591	0	7.61624e-103
29.908	0.0640181	0.998072	0	7.61624e-103
29.9394	0.0953341	0.995568	0	7.61624e-103
29.9708	0.126556	0.992082	0	7.61624e-103
30.0022	0.157653	0.987616	0	7.61624e-103
30.0336	0.188595	0.982176	0	7.61624e-103
30.065	0.21935	0.975767	0	7.61624e-103
30.0965	0.249889	0.968394	0	7.61624e-103
30.1279	0.280181	0.960066	0	7.61624e-103
30.1593	0.310196	0.95079	0	7.61624e-103
30.1907	0.339906	0.940575	0	7.61624e-103
30.2221	0.36928	0.929433	0	7.61624e-103
30.2535	0.39829	0.917373	0	7.61624e-103
30.285	0.426906	0.904408	0	7.61624e-103
30.3164	0.455101	0.89055	0	7.61624e-103
30.3478	0.482847	0.875813	0	7.61624e-103
30.3792	0.510116	0.860211	0	7.61624e-103
30.4106	0.536882	0.843761	0	7.61624e-103
30.442	0.563118	0.826478	0	7.61624e-103
30.4734	0.588799	0.808379	0	7.61624e-103
30.5049	0.613898	0.789483	0	7.61624e-103
30.5363	0.638391	0.769807	0	7.61624e-103
30.5677	0.662254	0.749372	0	7.61624e-103
30.5991	0.685464	0.728196	0	7.61624e-103
30.6305	0.707997	0.706303	0	7.61624e-103
30.6619	0.729831	0.683712	0	7.61624e-103
30.6934	0.750945	0.660446	0	7.61624e-103
30.7248	0.771318	0.636528	0	7.61624e-103
30.7562	0.79093	0.611983	0	7.61624e-103
30.7876	0.809761	0.586833	0	7.61624e-103
30.819	0.827792	0.561104	0	7.61624e-103
30.8504	0.845007	0.534821	0	7.61624e-103
30.8819	0.861388	0.50801	0	7.61624e-103
30.9133	0.876918	0.480698	0	7.61624e-103
30.9447	0.891584	0.452912	0	7.61624e-103
30.9761	0.905369	0.424679	0	7.61624e-103
31.0075	0.91826	0.396026	0	7.61624e-103
31.0389	0.930246	0.366983	0	7.61624e-103
31.0704	0.941313	0.337577	0	7.61624e-103
31.1018	0.951451	0.307838	0	7.61624e-103
31.1332	0.96065	0.277796	0	7.61624e-103
31.1646	0.968901	0.247479	0	7.61624e-103
31.196	0.976196	0.216918	0	7.61624e-103
31.2274	0.982527	0.186143	0	7.61624e-103
31.2588	0.987889	0.155184	0	7.61624e-103
31.2903	0.992275	0.124072	0	7.61624e-103
31.3217	0.995682	0.0928372	0	7.61624e-103
31.3531	0.998107	0.0615111	0	7.61624e-103
31.3845	0.999546	0.0301243	0	7.61624e-103
