# Angolo [Gradi] Gittata [m]
0.0000 0.1000
0.2865 40.2909
0.5730 79.4949
0.8594 117.5623
1.1459 154.8176
1.4324 191.1078
1.7189 226.4698
2.0054 260.9380
2.2918 294.7174
2.5783 327.5756
2.8648 359.7960
3.1513 391.2339
3.4377 421.9152
3.7242 452.0239
4.0107 481.4191
4.2972 510.2005
4.5837 538.3859
4.8701 565.9171
5.1566 592.9614
5.4431 619.3849
5.7296 645.2773
6.0161 670.6524
6.3025 695.5935
6.5890 719.9722
6.8755 743.8715
7.1620 767.3030
7.4485 790.3445
7.7349 812.8723
8.0214 835.0291
8.3079 856.7582
8.5944 878.0688
8.8808 898.9700
9.1673 919.4705
9.4538 939.6399
9.7403 959.4234
10.0268 978.8289
10.3132 997.9232
10.5997 1016.6526
10.8862 1035.0243
11.1727 1053.0447
11.4592 1070.7775
11.7456 1088.2271
12.0321 1105.2860
12.3186 1122.0725
12.6051 1138.5904
12.8916 1154.7895
13.1780 1170.7288
13.4645 1186.3586
13.7510 1201.6839
14.0375 1216.7618
14.3239 1231.5955
14.6104 1246.1368
14.8969 1260.4410
15.1834 1274.4607
15.4699 1288.2499
15.7563 1301.7619
16.0428 1315.0496
16.3293 1328.1158
16.6158 1340.9145
16.9023 1353.4974
17.1887 1365.8666
17.4752 1377.9775
17.7617 1389.8800
18.0482 1401.5301
18.3346 1413.0227
18.6211 1424.2676
18.9076 1435.3131
19.1941 1446.1163
19.4806 1456.7245
19.7670 1467.1395
20.0535 1477.3631
20.3400 1487.3535
20.6265 1497.1996
20.9130 1506.8164
21.1994 1516.2490
21.4859 1525.4569
21.7724 1534.5258
22.0589 1543.3736
22.3454 1552.0436
22.6318 1560.5372
22.9183 1568.8557
23.2048 1576.9604
23.4913 1584.9330
23.7777 1592.6949
24.0642 1600.2874
24.3507 1607.7116
24.6372 1614.9688
24.9237 1622.0601
25.2101 1628.9484
25.4966 1635.7114
25.7831 1642.2741
26.0696 1648.7130
26.3561 1654.9543
26.6425 1661.0365
26.9290 1666.9606
27.2155 1672.7274
27.5020 1678.3381
27.7885 1683.7933
28.0749 1689.0942
28.3614 1694.2414
28.6479 1699.2010
28.9344 1704.0439
29.2208 1708.7357
29.5073 1713.2431
29.7938 1717.6354
30.0803 1721.8454
30.3668 1725.9414
30.6532 1729.8570
30.9397 1733.6596
31.2262 1737.2837
31.5127 1740.7958
31.7992 1744.1312
32.0856 1747.3235
32.3721 1750.4051
32.6586 1753.3128
32.9451 1756.1106
33.2316 1758.7362
33.5180 1761.2219
33.8045 1763.5990
34.0910 1765.8063
34.3775 1767.9058
34.6639 1769.8371
34.9504 1771.6613
35.2369 1773.3190
35.5234 1774.8702
35.8099 1776.2564
36.0963 1777.5368
36.3828 1778.6536
36.6693 1779.6653
36.9558 1780.5148
37.2423 1781.2598
37.5287 1781.8722
37.8152 1782.3523
38.1017 1782.6730
38.3882 1782.8903
38.6747 1782.9769
38.9611 1782.9331
39.2476 1782.7594
39.5341 1782.4563
39.8206 1782.0242
40.1070 1781.4635
40.3935 1780.7747
40.6800 1779.9581
40.9665 1779.0142
41.2530 1777.9434
41.5394 1776.7461
41.8259 1775.4480
42.1124 1773.9986
42.3989 1772.4239
42.6854 1770.7490
42.9718 1768.9245
43.2583 1766.9758
43.5448 1764.9274
43.8313 1762.7311
44.1178 1760.4356
44.4042 1758.0169
44.6907 1755.4517
44.9772 1752.7879
45.2637 1749.9786
45.5501 1747.0709
45.8366 1744.0417
46.1231 1740.8914
46.4096 1737.6202
46.6961 1734.2060
46.9825 1730.6941
47.2690 1727.0623
47.5555 1723.3109
47.8420 1719.4401
48.1285 1715.4503
48.4149 1711.3417
48.7014 1707.1146
48.9879 1702.7693
49.2744 1698.3061
49.5608 1693.7253
49.8473 1689.0270
50.1338 1684.2117
50.4203 1679.2796
50.7068 1674.2308
50.9932 1669.0658
51.2797 1663.7846
51.5662 1658.3877
51.8527 1652.8752
52.1392 1647.2474
52.4256 1641.5045
52.7121 1635.6468
52.9986 1629.6745
53.2851 1623.5879
53.5716 1617.3872
53.8580 1611.0726
54.1445 1604.6443
54.4310 1598.1026
54.7175 1591.4478
55.0039 1584.6799
55.2904 1577.7994
55.5769 1570.7887
55.8634 1563.6834
56.1499 1556.4661
56.4363 1549.1198
56.7228 1541.6791
57.0093 1534.1101
57.2958 1526.4470
57.5823 1518.6562
57.8687 1510.7549
58.1552 1502.7434
58.4417 1494.6379
58.7282 1486.4063
59.0147 1478.0650
59.3011 1469.5984
59.5876 1461.0386
59.8741 1452.3697
60.1606 1443.5920
60.4470 1434.6904
60.7335 1425.6808
61.0200 1416.5781
61.3065 1407.3527
61.5930 1398.0198
61.8794 1388.5796
62.1659 1379.0324
62.4524 1369.3640
62.7389 1359.6034
63.0254 1349.7224
63.3118 1339.7355
63.5983 1329.6429
63.8848 1319.4448
64.1713 1309.1414
64.4578 1298.7330
64.7442 1288.2067
65.0307 1277.5890
65.3172 1266.8542
65.6037 1256.0155
65.8901 1245.0607
66.1766 1234.0153
66.4631 1222.8545
66.7496 1211.5911
67.0361 1200.2254
67.3225 1188.7577
67.6090 1177.1882
67.8955 1165.5056
68.1820 1153.7220
68.4685 1141.8378
68.7549 1129.8532
69.0414 1117.7575
69.3279 1105.5623
69.6144 1093.2679
69.9009 1080.8746
70.1873 1068.3724
70.4738 1055.7721
70.7603 1043.0743
71.0468 1030.2792
71.3332 1017.3773
71.6197 1004.3791
71.9062 991.2851
72.1927 978.0861
72.4792 964.8017
72.7656 951.4042
73.0521 937.9220
73.3386 924.3375
73.6251 910.6601
73.9116 896.8904
74.1980 883.0203
74.4845 869.0592
74.7710 855.0074
75.0575 840.8576
75.3440 826.6185
75.6304 812.2907
75.9169 797.8672
76.2034 783.3565
76.4899 768.7518
76.7763 754.0686
77.0628 739.2930
77.3493 724.4261
77.6358 709.4758
77.9223 694.4428
78.2087 679.3215
78.4952 664.1192
78.7817 648.8369
79.0682 633.4692
79.3547 618.0176
79.6411 602.4947
79.9276 586.8899
80.2141 571.2045
80.5006 555.4452
80.7870 539.6131
81.0735 523.7042
81.3600 507.7248
81.6465 491.6713
81.9330 475.5499
82.2194 459.3618
82.5059 443.1040
82.7924 426.7822
83.0789 410.3938
83.3654 393.9407
83.6518 377.4319
83.9383 360.8616
84.2248 344.2316
84.5113 327.5472
84.7978 310.8070
85.0842 294.0159
85.3707 277.1757
85.6572 260.2857
85.9437 243.3505
86.2301 226.3699
86.5166 209.3464
86.8031 192.2862
87.0896 175.1860
87.3761 158.0536
87.6625 140.8868
87.9490 123.6925
88.2355 106.4709
88.5220 89.2251
88.8085 71.9591
89.0949 54.6755
89.3814 37.3783
89.6679 20.0711
89.9544 2.7577
