0	1
0.01	1
0.02	0.9999
0.03	0.9997
0.04	0.9994
0.05	0.999
0.06	0.998501
0.07	0.997902
0.08	0.997203
0.09	0.996405
0.1	0.995509
0.11	0.994513
0.12	0.993419
0.13	0.992227
0.14	0.990937
0.15	0.98955
0.16	0.988066
0.17	0.986485
0.18	0.984808
0.19	0.983035
0.2	0.981167
0.21	0.979205
0.22	0.977149
0.23	0.974999
0.24	0.972756
0.25	0.970422
0.26	0.967996
0.27	0.965479
0.28	0.962872
0.29	0.960176
0.3	0.957392
0.31	0.954519
0.32	0.95156
0.33	0.948515
0.34	0.945385
0.35	0.942171
0.36	0.938873
0.37	0.935493
0.38	0.932032
0.39	0.92849
0.4	0.924869
0.41	0.92117
0.42	0.917393
0.43	0.91354
0.44	0.909612
0.45	0.905609
0.46	0.901534
0.47	0.897387
0.48	0.893169
0.49	0.888882
0.5	0.884527
0.51	0.880104
0.52	0.875615
0.53	0.871062
0.54	0.866446
0.55	0.861767
0.56	0.857027
0.57	0.852228
0.58	0.84737
0.59	0.842455
0.6	0.837485
0.61	0.83246
0.62	0.827382
0.63	0.822252
0.64	0.817072
0.65	0.811843
0.66	0.806566
0.67	0.801242
0.68	0.795874
0.69	0.790462
0.7	0.785008
0.71	0.779513
0.72	0.773978
0.73	0.768406
0.74	0.762796
0.75	0.757152
0.76	0.751473
0.77	0.745762
0.78	0.740019
0.79	0.734247
0.8	0.728447
0.81	0.722619
0.82	0.716766
0.83	0.710888
0.84	0.704988
0.85	0.699066
0.86	0.693124
0.87	0.687163
0.88	0.681185
0.89	0.675191
0.9	0.669181
0.91	0.663159
0.92	0.657124
0.93	0.651078
0.94	0.645023
0.95	0.63896
0.96	0.63289
0.97	0.626814
0.98	0.620734
0.99	0.614651
1	0.608566
1.01	0.60248
1.02	0.596395
1.03	0.590312
1.04	0.584232
1.05	0.578156
1.06	0.572085
1.07	0.566021
1.08	0.559965
1.09	0.553917
1.1	0.547879
1.11	0.541853
1.12	0.535838
1.13	0.529837
1.14	0.52385
1.15	0.517878
1.16	0.511922
1.17	0.505984
1.18	0.500064
1.19	0.494163
1.2	0.488282
1.21	0.482423
1.22	0.476586
1.23	0.470771
1.24	0.464981
1.25	0.459215
1.26	0.453475
1.27	0.447761
1.28	0.442075
1.29	0.436416
1.3	0.430786
1.31	0.425186
1.32	0.419616
1.33	0.414077
1.34	0.40857
1.35	0.403095
1.36	0.397653
1.37	0.392245
1.38	0.386872
1.39	0.381533
1.4	0.376229
1.41	0.370962
1.42	0.365732
1.43	0.360538
1.44	0.355383
1.45	0.350265
1.46	0.345186
1.47	0.340146
1.48	0.335146
1.49	0.330186
1.5	0.325266
1.51	0.320387
1.52	0.31555
1.53	0.310753
1.54	0.305999
1.55	0.301286
1.56	0.296616
1.57	0.291989
1.58	0.287405
1.59	0.282864
1.6	0.278366
1.61	0.273912
1.62	0.269502
1.63	0.265137
1.64	0.260815
1.65	0.256537
1.66	0.252305
1.67	0.248116
1.68	0.243973
1.69	0.239874
1.7	0.23582
1.71	0.231811
1.72	0.227847
1.73	0.223928
1.74	0.220054
1.75	0.216225
1.76	0.212441
1.77	0.208702
1.78	0.205008
1.79	0.201359
1.8	0.197755
1.81	0.194195
1.82	0.19068
1.83	0.18721
1.84	0.183784
1.85	0.180402
1.86	0.177065
1.87	0.173772
1.88	0.170522
1.89	0.167316
1.9	0.164154
1.91	0.161035
1.92	0.157959
1.93	0.154926
1.94	0.151936
1.95	0.148989
1.96	0.146084
1.97	0.14322
1.98	0.140399
1.99	0.137619
2	0.13488
2.01	0.132183
2.02	0.129526
2.03	0.126909
2.04	0.124333
2.05	0.121797
2.06	0.1193
2.07	0.116842
2.08	0.114424
2.09	0.112044
2.1	0.109702
2.11	0.107398
2.12	0.105132
2.13	0.102903
2.14	0.100712
2.15	0.0985563
2.16	0.0964373
2.17	0.0943543
2.18	0.0923068
2.19	0.0902945
2.2	0.0883171
2.21	0.0863741
2.22	0.0844652
2.23	0.0825901
2.24	0.0807483
2.25	0.0789396
2.26	0.0771634
2.27	0.0754195
2.28	0.0737075
2.29	0.072027
2.3	0.0703776
2.31	0.0687589
2.32	0.0671706
2.33	0.0656122
2.34	0.0640834
2.35	0.0625839
2.36	0.0611132
2.37	0.0596709
2.38	0.0582567
2.39	0.0568702
2.4	0.055511
2.41	0.0541787
2.42	0.052873
2.43	0.0515935
2.44	0.0503398
2.45	0.0491115
2.46	0.0479082
2.47	0.0467297
2.48	0.0455755
2.49	0.0444452
2.5	0.0433385
2.51	0.0422551
2.52	0.0411945
2.53	0.0401564
2.54	0.0391404
2.55	0.0381462
2.56	0.0371735
2.57	0.0362219
2.58	0.035291
2.59	0.0343805
2.6	0.03349
2.61	0.0326193
2.62	0.0317679
2.63	0.0309356
2.64	0.030122
2.65	0.0293268
2.66	0.0285496
2.67	0.0277902
2.68	0.0270482
2.69	0.0263233
2.7	0.0256152
2.71	0.0249236
2.72	0.0242481
2.73	0.0235886
2.74	0.0229446
2.75	0.0223159
2.76	0.0217023
2.77	0.0211033
2.78	0.0205187
2.79	0.0199483
2.8	0.0193917
2.81	0.0188488
2.82	0.0183191
2.83	0.0178025
2.84	0.0172987
2.85	0.0168074
2.86	0.0163284
2.87	0.0158614
2.88	0.0154062
2.89	0.0149625
2.9	0.0145301
2.91	0.0141087
2.92	0.0136981
2.93	0.0132982
2.94	0.0129085
2.95	0.012529
2.96	0.0121594
2.97	0.0117995
2.98	0.011449
2.99	0.0111079
3	0.0107757
3.01	0.0104525
3.02	0.0101378
3.03	0.00983168
3.04	0.00953378
3.05	0.00924396
3.06	0.00896202
3.07	0.00868778
3.08	0.00842106
3.09	0.0081617
3.1	0.0079095
3.11	0.0076643
3.12	0.00742594
3.13	0.00719426
3.14	0.00696908
3.15	0.00675025
3.16	0.00653761
3.17	0.00633102
3.18	0.00613033
3.19	0.00593539
3.2	0.00574605
3.21	0.00556217
3.22	0.00538363
3.23	0.00521028
3.24	0.00504198
3.25	0.00487862
3.26	0.00472007
3.27	0.00456619
3.28	0.00441688
3.29	0.00427201
3.3	0.00413146
3.31	0.00399512
3.32	0.00386288
3.33	0.00373463
3.34	0.00361027
3.35	0.00348969
3.36	0.00337278
3.37	0.00325946
3.38	0.00314961
3.39	0.00304316
3.4	0.00293999
3.41	0.00284003
3.42	0.00274319
3.43	0.00264937
3.44	0.0025585
3.45	0.00247049
3.46	0.00238525
3.47	0.00230272
3.48	0.00222282
3.49	0.00214547
3.5	0.00207059
3.51	0.00199812
3.52	0.00192798
3.53	0.00186012
3.54	0.00179446
3.55	0.00173093
3.56	0.00166948
3.57	0.00161005
3.58	0.00155257
3.59	0.00149699
3.6	0.00144325
3.61	0.00139129
3.62	0.00134107
3.63	0.00129252
3.64	0.0012456
3.65	0.00120026
3.66	0.00115645
3.67	0.00111413
3.68	0.00107324
3.69	0.00103374
3.7	0.000995597
3.71	0.00095876
3.72	0.00092319
3.73	0.000888847
3.74	0.000855693
3.75	0.00082369
3.76	0.000792802
3.77	0.000762992
3.78	0.000734227
3.79	0.000706474
3.8	0.000679698
3.81	0.00065387
3.82	0.000628957
3.83	0.000604931
3.84	0.000581762
3.85	0.000559423
3.86	0.000537885
3.87	0.000517123
3.88	0.00049711
3.89	0.000477822
3.9	0.000459235
3.91	0.000441325
3.92	0.000424069
3.93	0.000407445
3.94	0.000391433
3.95	0.00037601
3.96	0.000361158
3.97	0.000346856
3.98	0.000333086
3.99	0.000319829
4	0.000307068
4.01	0.000294785
4.02	0.000282964
4.03	0.000271589
4.04	0.000260644
4.05	0.000250114
4.06	0.000239984
4.07	0.000230241
4.08	0.00022087
4.09	0.000211859
4.1	0.000203194
4.11	0.000194863
4.12	0.000186854
4.13	0.000179156
4.14	0.000171756
4.15	0.000164646
4.16	0.000157813
4.17	0.000151248
4.18	0.000144941
4.19	0.000138882
4.2	0.000133063
4.21	0.000127474
4.22	0.000122108
4.23	0.000116955
4.24	0.000112008
4.25	0.000107259
4.26	0.0001027
4.27	9.8325e-05
4.28	9.41265e-05
4.29	9.00979e-05
4.3	8.62327e-05
4.31	8.25247e-05
4.32	7.89679e-05
4.33	7.55565e-05
4.34	7.22849e-05
4.35	6.91477e-05
4.36	6.61398e-05
4.37	6.32561e-05
4.38	6.04918e-05
4.39	5.78423e-05
4.4	5.5303e-05
4.41	5.28697e-05
4.42	5.05381e-05
4.43	4.83043e-05
4.44	4.61644e-05
4.45	4.41147e-05
4.46	4.21516e-05
4.47	4.02717e-05
4.48	3.84715e-05
4.49	3.6748e-05
4.5	3.5098e-05
4.51	3.35186e-05
4.52	3.20069e-05
4.53	3.05602e-05
4.54	2.91758e-05
4.55	2.78512e-05
4.56	2.6584e-05
4.57	2.53718e-05
4.58	2.42123e-05
4.59	2.31034e-05
4.6	2.20429e-05
4.61	2.1029e-05
4.62	2.00595e-05
4.63	1.91328e-05
4.64	1.82469e-05
4.65	1.74003e-05
4.66	1.65912e-05
4.67	1.5818e-05
4.68	1.50793e-05
4.69	1.43736e-05
4.7	1.36995e-05
4.71	1.30556e-05
4.72	1.24407e-05
4.73	1.18535e-05
4.74	1.12928e-05
4.75	1.07575e-05
4.76	1.02465e-05
4.77	9.75881e-06
4.78	9.29332e-06
4.79	8.84909e-06
4.8	8.42522e-06
4.81	8.02081e-06
4.82	7.63501e-06
4.83	7.267e-06
4.84	6.91601e-06
4.85	6.58127e-06
4.86	6.26208e-06
4.87	5.95774e-06
4.88	5.6676e-06
4.89	5.39102e-06
4.9	5.1274e-06
4.91	4.87616e-06
4.92	4.63674e-06
4.93	4.40861e-06
4.94	4.19127e-06
4.95	3.98422e-06
4.96	3.787e-06
4.97	3.59916e-06
4.98	3.42029e-06
4.99	3.24996e-06
