0	1
0.01	0.98995
0.02	0.979801
0.03	0.969554
0.04	0.95921
0.05	0.94877
0.06	0.938236
0.07	0.927607
0.08	0.916886
0.09	0.906073
0.1	0.895169
0.11	0.884176
0.12	0.873094
0.13	0.861926
0.14	0.850671
0.15	0.83933
0.16	0.827906
0.17	0.8164
0.18	0.804811
0.19	0.793142
0.2	0.781394
0.21	0.769568
0.22	0.757664
0.23	0.745685
0.24	0.733631
0.25	0.721504
0.26	0.709305
0.27	0.697035
0.28	0.684695
0.29	0.672287
0.3	0.659811
0.31	0.64727
0.32	0.634664
0.33	0.621994
0.34	0.609262
0.35	0.596469
0.36	0.583617
0.37	0.570706
0.38	0.557738
0.39	0.544715
0.4	0.531636
0.41	0.518505
0.42	0.505322
0.43	0.492088
0.44	0.478806
0.45	0.465475
0.46	0.452097
0.47	0.438675
0.48	0.425209
0.49	0.4117
0.5	0.39815
0.51	0.38456
0.52	0.370931
0.53	0.357266
0.54	0.343565
0.55	0.329829
0.56	0.316061
0.57	0.302261
0.58	0.288431
0.59	0.274571
0.6	0.260685
0.61	0.246772
0.62	0.232835
0.63	0.218874
0.64	0.204892
0.65	0.190889
0.66	0.176867
0.67	0.162827
0.68	0.148771
0.69	0.1347
0.7	0.120616
0.71	0.106519
0.72	0.092412
0.73	0.0782956
0.74	0.0641715
0.75	0.0500409
0.76	0.0359053
0.77	0.0217662
0.78	0.00762481
0.79	0.00651729
0.8	0.0206587
0.81	0.0347981
0.82	0.048934
0.83	0.063065
0.84	0.0771897
0.85	0.0913067
0.86	0.105415
0.87	0.119512
0.88	0.133597
0.89	0.147669
0.9	0.161726
0.91	0.175767
0.92	0.189791
0.93	0.203795
0.94	0.217779
0.95	0.231742
0.96	0.245681
0.97	0.259595
0.98	0.273484
0.99	0.287345
1	0.301178
1.01	0.31498
1.02	0.328751
1.03	0.342489
1.04	0.356193
1.05	0.369861
1.06	0.383492
1.07	0.397085
1.08	0.410638
1.09	0.42415
1.1	0.43762
1.11	0.451046
1.12	0.464426
1.13	0.477761
1.14	0.491047
1.15	0.504284
1.16	0.517471
1.17	0.530607
1.18	0.543689
1.19	0.556717
1.2	0.569689
1.21	0.582604
1.22	0.595461
1.23	0.608258
1.24	0.620995
1.25	0.633669
1.26	0.64628
1.27	0.658826
1.28	0.671307
1.29	0.68372
1.3	0.696065
1.31	0.708341
1.32	0.720545
1.33	0.732678
1.34	0.744737
1.35	0.756722
1.36	0.768631
1.37	0.780463
1.38	0.792217
1.39	0.803892
1.4	0.815487
1.41	0.827
1.42	0.83843
1.43	0.849776
1.44	0.861038
1.45	0.872213
1.46	0.883301
1.47	0.894301
1.48	0.905212
1.49	0.916031
1.5	0.92676
1.51	0.937395
1.52	0.947937
1.53	0.958384
1.54	0.968735
1.55	0.97899
1.56	0.989146
1.57	0.999204
1.58	1.00916
1.59	1.01902
1.6	1.02877
1.61	1.03842
1.62	1.04797
1.63	1.05742
1.64	1.06675
1.65	1.07598
1.66	1.08511
1.67	1.09412
1.68	1.10303
1.69	1.11182
1.7	1.12051
1.71	1.12908
1.72	1.13754
1.73	1.14588
1.74	1.15411
1.75	1.16223
1.76	1.17023
1.77	1.17811
1.78	1.18587
1.79	1.19352
1.8	1.20104
1.81	1.20845
1.82	1.21573
1.83	1.2229
1.84	1.22994
1.85	1.23686
1.86	1.24365
1.87	1.25032
1.88	1.25687
1.89	1.26329
1.9	1.26958
1.91	1.27575
1.92	1.28178
1.93	1.28769
1.94	1.29348
1.95	1.29913
1.96	1.30465
1.97	1.31004
1.98	1.3153
1.99	1.32043
2	1.32543
2.01	1.3303
2.02	1.33503
2.03	1.33963
2.04	1.34409
2.05	1.34842
2.06	1.35261
2.07	1.35667
2.08	1.3606
2.09	1.36439
2.1	1.36804
2.11	1.37155
2.12	1.37493
2.13	1.37817
2.14	1.38127
2.15	1.38424
2.16	1.38706
2.17	1.38975
2.18	1.3923
2.19	1.39471
2.2	1.39698
2.21	1.39911
2.22	1.4011
2.23	1.40295
2.24	1.40465
2.25	1.40622
2.26	1.40765
2.27	1.40894
2.28	1.41009
2.29	1.41109
2.3	1.41196
2.31	1.41268
2.32	1.41326
2.33	1.4137
2.34	1.414
2.35	1.41416
2.36	1.41418
2.37	1.41405
2.38	1.41378
2.39	1.41338
2.4	1.41283
2.41	1.41214
2.42	1.41131
2.43	1.41033
2.44	1.40922
2.45	1.40796
2.46	1.40657
2.47	1.40503
2.48	1.40336
2.49	1.40154
2.5	1.39958
2.51	1.39749
2.52	1.39525
2.53	1.39287
2.54	1.39036
2.55	1.3877
2.56	1.38491
2.57	1.38198
2.58	1.37891
2.59	1.3757
2.6	1.37235
2.61	1.36887
2.62	1.36525
2.63	1.36149
2.64	1.3576
2.65	1.35357
2.66	1.34941
2.67	1.34511
2.68	1.34068
2.69	1.33611
2.7	1.33141
2.71	1.32658
2.72	1.32161
2.73	1.31651
2.74	1.31128
2.75	1.30592
2.76	1.30043
2.77	1.29481
2.78	1.28906
2.79	1.28318
2.8	1.27717
2.81	1.27103
2.82	1.26477
2.83	1.25838
2.84	1.25186
2.85	1.24522
2.86	1.23845
2.87	1.23156
2.88	1.22455
2.89	1.21742
2.9	1.21016
2.91	1.20278
2.92	1.19528
2.93	1.18767
2.94	1.17993
2.95	1.17208
2.96	1.16411
2.97	1.15602
2.98	1.14781
2.99	1.1395
3	1.13106
3.01	1.12252
3.02	1.11386
3.03	1.10509
3.04	1.09621
3.05	1.08722
3.06	1.07812
3.07	1.06892
3.08	1.05961
3.09	1.05019
3.1	1.04066
3.11	1.03104
3.12	1.02131
3.13	1.01147
3.14	1.00154
3.15	0.991505
3.16	0.981372
3.17	0.97114
3.18	0.960812
3.19	0.950387
3.2	0.939867
3.21	0.929254
3.22	0.918547
3.23	0.907749
3.24	0.89686
3.25	0.885881
3.26	0.874813
3.27	0.863658
3.28	0.852417
3.29	0.84109
3.3	0.82968
3.31	0.818186
3.32	0.806611
3.33	0.794955
3.34	0.783219
3.35	0.771405
3.36	0.759514
3.37	0.747547
3.38	0.735505
3.39	0.72339
3.4	0.711202
3.41	0.698943
3.42	0.686615
3.43	0.674217
3.44	0.661753
3.45	0.649222
3.46	0.636626
3.47	0.623966
3.48	0.611245
3.49	0.598462
3.5	0.585619
3.51	0.572717
3.52	0.559759
3.53	0.546744
3.54	0.533675
3.55	0.520552
3.56	0.507377
3.57	0.494152
3.58	0.480877
3.59	0.467554
3.6	0.454184
3.61	0.440769
3.62	0.42731
3.63	0.413808
3.64	0.400264
3.65	0.386681
3.66	0.373059
3.67	0.3594
3.68	0.345704
3.69	0.331974
3.7	0.318211
3.71	0.304416
3.72	0.290591
3.73	0.276737
3.74	0.262855
3.75	0.248946
3.76	0.235013
3.77	0.221057
3.78	0.207078
3.79	0.193078
3.8	0.179059
3.81	0.165023
3.82	0.150969
3.83	0.136901
3.84	0.122819
3.85	0.108725
3.86	0.0946197
3.87	0.0805051
3.88	0.0663824
3.89	0.0522531
3.9	0.0381186
3.91	0.0239803
3.92	0.00983957
3.93	0.00430214
3.94	0.0184434
3.95	0.0325828
3.96	0.046719
3.97	0.0608505
3.98	0.0749759
3.99	0.0890938
4	0.103203
4.01	0.117301
4.02	0.131388
4.03	0.145462
4.04	0.159521
4.05	0.173565
4.06	0.187591
4.07	0.201598
4.08	0.215585
4.09	0.22955
4.1	0.243493
4.11	0.257411
4.12	0.271303
4.13	0.285169
4.14	0.299005
4.15	0.312812
4.16	0.326588
4.17	0.340331
4.18	0.35404
4.19	0.367713
4.2	0.38135
4.21	0.394948
4.22	0.408507
4.23	0.422026
4.24	0.435502
4.25	0.448934
4.26	0.462321
4.27	0.475663
4.28	0.488957
4.29	0.502201
4.3	0.515396
4.31	0.528539
4.32	0.541629
4.33	0.554665
4.34	0.567646
4.35	0.58057
4.36	0.593435
4.37	0.606242
4.38	0.618988
4.39	0.631672
4.4	0.644292
4.41	0.656849
4.42	0.669339
4.43	0.681763
4.44	0.694118
4.45	0.706404
4.46	0.71862
4.47	0.730763
4.48	0.742834
4.49	0.75483
4.5	0.766751
4.51	0.778595
4.52	0.790361
4.53	0.802048
4.54	0.813655
4.55	0.82518
4.56	0.836623
4.57	0.847983
4.58	0.859257
4.59	0.870446
4.6	0.881548
4.61	0.892561
4.62	0.903485
4.63	0.914319
4.64	0.925061
4.65	0.935711
4.66	0.946268
4.67	0.956729
4.68	0.967095
4.69	0.977365
4.7	0.987536
4.71	0.997609
4.72	1.00758
4.73	1.01745
4.74	1.02722
4.75	1.03689
4.76	1.04646
4.77	1.05592
4.78	1.06527
4.79	1.07452
4.8	1.08366
4.81	1.09269
4.82	1.10161
4.83	1.11042
4.84	1.11912
4.85	1.12771
4.86	1.13619
4.87	1.14455
4.88	1.1528
4.89	1.16093
4.9	1.16895
4.91	1.17685
4.92	1.18463
4.93	1.1923
4.94	1.19984
4.95	1.20727
4.96	1.21457
4.97	1.22175
4.98	1.22881
4.99	1.23575
5	1.24256
5.01	1.24925
5.02	1.25582
5.03	1.26226
5.04	1.26857
5.05	1.27476
5.06	1.28081
5.07	1.28674
5.08	1.29255
5.09	1.29822
5.1	1.30376
5.11	1.30917
5.12	1.31445
5.13	1.3196
5.14	1.32462
5.15	1.32951
5.16	1.33426
5.17	1.33888
5.18	1.34336
5.19	1.34772
5.2	1.35193
5.21	1.35601
5.22	1.35996
5.23	1.36377
5.24	1.36744
5.25	1.37098
5.26	1.37437
5.27	1.37764
5.28	1.38076
5.29	1.38375
5.3	1.38659
5.31	1.3893
5.32	1.39187
5.33	1.3943
5.34	1.39659
5.35	1.39875
5.36	1.40076
5.37	1.40263
5.38	1.40436
5.39	1.40595
5.4	1.4074
5.41	1.40871
5.42	1.40988
5.43	1.41091
5.44	1.41179
5.45	1.41254
5.46	1.41314
5.47	1.41361
5.48	1.41393
5.49	1.41411
5.5	1.41415
5.51	1.41404
5.52	1.4138
5.53	1.41341
5.54	1.41289
5.55	1.41222
5.56	1.41141
5.57	1.41046
5.58	1.40937
5.59	1.40813
5.6	1.40676
5.61	1.40525
5.62	1.40359
5.63	1.4018
5.64	1.39986
5.65	1.39779
5.66	1.39557
5.67	1.39322
5.68	1.39072
5.69	1.38809
5.7	1.38532
5.71	1.38241
5.72	1.37936
5.73	1.37617
5.74	1.37285
5.75	1.36939
5.76	1.36579
5.77	1.36206
5.78	1.35819
5.79	1.35418
5.8	1.35004
5.81	1.34576
5.82	1.34135
5.83	1.3368
5.84	1.33212
5.85	1.32731
5.86	1.32236
5.87	1.31729
5.88	1.31208
5.89	1.30674
5.9	1.30126
5.91	1.29566
5.92	1.28993
5.93	1.28407
5.94	1.27808
5.95	1.27197
5.96	1.26572
5.97	1.25935
5.98	1.25286
5.99	1.24624
6	1.23949
6.01	1.23262
6.02	1.22563
6.03	1.21851
6.04	1.21127
6.05	1.20392
6.06	1.19644
6.07	1.18884
6.08	1.18112
6.09	1.17328
6.1	1.16533
6.11	1.15726
6.12	1.14908
6.13	1.14078
6.14	1.13236
6.15	1.12383
6.16	1.11519
6.17	1.10644
6.18	1.09758
6.19	1.08861
6.2	1.07953
6.21	1.07034
6.22	1.06104
6.23	1.05164
6.24	1.04214
6.25	1.03252
6.26	1.02281
6.27	1.01299
6.28	1.00308
6.29	0.993057
6.3	0.98294
6.31	0.972724
6.32	0.962411
6.33	0.952001
6.34	0.941497
6.35	0.930898
6.36	0.920206
6.37	0.909422
6.38	0.898548
6.39	0.887583
6.4	0.87653
6.41	0.865389
6.42	0.854161
6.43	0.842848
6.44	0.831451
6.45	0.81997
6.46	0.808408
6.47	0.796765
6.48	0.785042
6.49	0.77324
6.5	0.761362
6.51	0.749407
6.52	0.737377
6.53	0.725273
6.54	0.713097
6.55	0.70085
6.56	0.688532
6.57	0.676146
6.58	0.663692
6.59	0.651172
6.6	0.638586
6.61	0.625937
6.62	0.613225
6.63	0.600452
6.64	0.587619
6.65	0.574727
6.66	0.561777
6.67	0.548772
6.68	0.535711
6.69	0.522597
6.7	0.509431
6.71	0.496213
6.72	0.482947
6.73	0.469631
6.74	0.456269
6.75	0.442861
6.76	0.429409
6.77	0.415914
6.78	0.402378
6.79	0.388801
6.8	0.375185
6.81	0.361532
6.82	0.347843
6.83	0.334118
6.84	0.320361
6.85	0.306571
6.86	0.292751
6.87	0.278901
6.88	0.265024
6.89	0.25112
6.9	0.237191
6.91	0.223238
6.92	0.209263
6.93	0.195267
6.94	0.181252
6.95	0.167218
6.96	0.153168
6.97	0.139102
6.98	0.125022
6.99	0.11093
7	0.0968271
7.01	0.0827143
7.02	0.0685931
7.03	0.0544652
7.04	0.0403317
7.05	0.0261943
7.06	0.0120542
7.07	0.0020871
7.08	0.0162282
7.09	0.0303676
7.1	0.044504
7.11	0.058636
7.12	0.0727621
7.13	0.0868809
7.14	0.100991
7.15	0.115091
7.16	0.12918
7.17	0.143255
7.18	0.157316
7.19	0.171362
7.2	0.18539
7.21	0.1994
7.22	0.21339
7.23	0.227359
7.24	0.241304
7.25	0.255226
7.26	0.269122
7.27	0.282991
7.28	0.296832
7.29	0.310644
7.3	0.324424
7.31	0.338172
7.32	0.351886
7.33	0.365564
7.34	0.379206
7.35	0.392811
7.36	0.406376
7.37	0.4199
7.38	0.433382
7.39	0.446821
7.4	0.460216
7.41	0.473564
7.42	0.486865
7.43	0.500117
7.44	0.513319
7.45	0.52647
7.46	0.539569
7.47	0.552613
7.48	0.565602
7.49	0.578534
7.5	0.591409
7.51	0.604224
7.52	0.616979
7.53	0.629673
7.54	0.642303
7.55	0.654869
7.56	0.66737
7.57	0.679804
7.58	0.69217
7.59	0.704466
7.6	0.716693
7.61	0.728847
7.62	0.740929
7.63	0.752936
7.64	0.764869
7.65	0.776725
7.66	0.788503
7.67	0.800202
7.68	0.811821
7.69	0.823359
7.7	0.834815
7.71	0.846187
7.72	0.857475
7.73	0.868677
7.74	0.879792
7.75	0.890819
7.76	0.901757
7.77	0.912604
7.78	0.923361
7.79	0.934025
7.8	0.944596
7.81	0.955072
7.82	0.965453
7.83	0.975737
7.84	0.985924
7.85	0.996012
7.86	1.006
7.87	1.01589
7.88	1.02567
7.89	1.03536
7.9	1.04494
7.91	1.05441
7.92	1.06378
7.93	1.07305
7.94	1.0822
7.95	1.09125
7.96	1.10019
7.97	1.10902
7.98	1.11774
7.99	1.12635
8	1.13484
8.01	1.14322
8.02	1.15149
8.03	1.15964
8.04	1.16767
8.05	1.17559
8.06	1.18339
8.07	1.19107
8.08	1.19864
8.09	1.20608
8.1	1.2134
8.11	1.2206
8.12	1.22768
8.13	1.23464
8.14	1.24147
8.15	1.24818
8.16	1.25477
8.17	1.26122
8.18	1.26756
8.19	1.27376
8.2	1.27984
8.21	1.28579
8.22	1.29161
8.23	1.2973
8.24	1.30287
8.25	1.3083
8.26	1.3136
8.27	1.31877
8.28	1.32381
8.29	1.32872
8.3	1.33349
8.31	1.33813
8.32	1.34264
8.33	1.34701
8.34	1.35124
8.35	1.35535
8.36	1.35931
8.37	1.36314
8.38	1.36684
8.39	1.3704
8.4	1.37382
8.41	1.3771
8.42	1.38024
8.43	1.38325
8.44	1.38612
8.45	1.38885
8.46	1.39144
8.47	1.39389
8.48	1.39621
8.49	1.39838
8.5	1.40041
8.51	1.40231
8.52	1.40406
8.53	1.40567
8.54	1.40715
8.55	1.40848
8.56	1.40967
8.57	1.41072
8.58	1.41163
8.59	1.41239
8.6	1.41302
8.61	1.41351
8.62	1.41385
8.63	1.41405
8.64	1.41411
8.65	1.41403
8.66	1.41381
8.67	1.41345
8.68	1.41294
8.69	1.4123
8.7	1.41151
8.71	1.41058
8.72	1.40951
8.73	1.4083
8.74	1.40695
8.75	1.40546
8.76	1.40382
8.77	1.40205
8.78	1.40014
8.79	1.39808
8.8	1.39589
8.81	1.39356
8.82	1.39109
8.83	1.38848
8.84	1.38573
8.85	1.38284
8.86	1.37981
8.87	1.37665
8.88	1.37334
8.89	1.3699
8.9	1.36633
8.91	1.36261
8.92	1.35877
8.93	1.35478
8.94	1.35066
8.95	1.3464
8.96	1.34201
8.97	1.33749
8.98	1.33283
8.99	1.32804
9	1.32311
9.01	1.31806
9.02	1.31287
9.03	1.30755
9.04	1.3021
9.05	1.29651
9.06	1.2908
9.07	1.28496
9.08	1.279
9.09	1.2729
9.1	1.26668
9.11	1.26033
9.12	1.25385
9.13	1.24725
9.14	1.24052
9.15	1.23367
9.16	1.2267
9.17	1.2196
9.18	1.21238
9.19	1.20504
9.2	1.19758
9.21	1.19
9.22	1.18231
9.23	1.17449
9.24	1.16655
9.25	1.1585
9.26	1.15034
9.27	1.14205
9.28	1.13366
9.29	1.12515
9.3	1.11653
9.31	1.10779
9.32	1.09895
9.33	1.08999
9.34	1.08093
9.35	1.07176
9.36	1.06248
9.37	1.05309
9.38	1.0436
9.39	1.03401
9.4	1.02431
9.41	1.01451
9.42	1.00461
9.43	0.994607
9.44	0.984505
9.45	0.974305
9.46	0.964007
9.47	0.953613
9.48	0.943124
9.49	0.93254
9.5	0.921863
9.51	0.911094
9.52	0.900234
9.53	0.889283
9.54	0.878244
9.55	0.867117
9.56	0.855903
9.57	0.844604
9.58	0.83322
9.59	0.821753
9.6	0.810203
9.61	0.798573
9.62	0.786863
9.63	0.775074
9.64	0.763207
9.65	0.751265
9.66	0.739247
9.67	0.727155
9.68	0.714991
9.69	0.702755
9.7	0.690448
9.71	0.678073
9.72	0.66563
9.73	0.65312
9.74	0.640545
9.75	0.627906
9.76	0.615204
9.77	0.602441
9.78	0.589617
9.79	0.576735
9.8	0.563795
9.81	0.550798
9.82	0.537746
9.83	0.524641
9.84	0.511483
9.85	0.498274
9.86	0.485015
9.87	0.471708
9.88	0.458353
9.89	0.444953
9.9	0.431508
9.91	0.41802
9.92	0.40449
9.93	0.39092
9.94	0.377311
9.95	0.363663
9.96	0.34998
9.97	0.336262
9.98	0.322509
9.99	0.308725
10	0.29491
10.01	0.281065
10.02	0.267192
10.03	0.253293
10.04	0.239368
10.05	0.225419
10.06	0.211448
10.07	0.197456
10.08	0.183443
10.09	0.169413
10.1	0.155365
10.11	0.141302
10.12	0.127225
10.13	0.113135
10.14	0.0990342
10.15	0.0849231
10.16	0.0708036
10.17	0.0566769
10.18	0.0425446
10.19	0.0284081
10.2	0.0142687
10.21	0.000127841
10.22	0.014013
10.23	0.0281524
10.24	0.042289
10.25	0.0564214
10.26	0.0705481
10.27	0.0846678
10.28	0.098779
10.29	0.11288
10.3	0.12697
10.31	0.141048
10.32	0.155111
10.33	0.169159
10.34	0.183189
10.35	0.197202
10.36	0.211195
10.37	0.225166
10.38	0.239115
10.39	0.253041
10.4	0.266941
10.41	0.280814
10.42	0.294659
10.43	0.308474
10.44	0.322259
10.45	0.336012
10.46	0.349731
10.47	0.363415
10.48	0.377062
10.49	0.390672
10.5	0.404243
10.51	0.417774
10.52	0.431262
10.53	0.444708
10.54	0.458109
10.55	0.471464
10.56	0.484772
10.57	0.498032
10.58	0.511242
10.59	0.5244
10.6	0.537507
10.61	0.550559
10.62	0.563556
10.63	0.576497
10.64	0.589381
10.65	0.602205
10.66	0.61497
10.67	0.627672
10.68	0.640312
10.69	0.652888
10.7	0.665399
10.71	0.677843
10.72	0.690219
10.73	0.702527
10.74	0.714764
10.75	0.726929
10.76	0.739022
10.77	0.751041
10.78	0.762985
10.79	0.774853
10.8	0.786643
10.81	0.798354
10.82	0.809986
10.83	0.821536
10.84	0.833005
10.85	0.84439
10.86	0.85569
10.87	0.866905
10.88	0.878034
10.89	0.889074
10.9	0.900026
10.91	0.910888
10.92	0.921658
10.93	0.932337
10.94	0.942922
10.95	0.953413
10.96	0.963808
10.97	0.974108
10.98	0.984309
10.99	0.994413
11	1.00442
11.01	1.01432
11.02	1.02412
11.03	1.03382
11.04	1.04342
11.05	1.05291
11.06	1.0623
11.07	1.07158
11.08	1.08075
11.09	1.08981
11.1	1.09877
11.11	1.10762
11.12	1.11635
11.13	1.12498
11.14	1.13349
11.15	1.14189
11.16	1.15017
11.17	1.15834
11.18	1.16639
11.19	1.17433
11.2	1.18215
11.21	1.18985
11.22	1.19743
11.23	1.20489
11.24	1.21223
11.25	1.21945
11.26	1.22655
11.27	1.23353
11.28	1.24038
11.29	1.24711
11.3	1.25371
11.31	1.26019
11.32	1.26654
11.33	1.27277
11.34	1.27886
11.35	1.28483
11.36	1.29068
11.37	1.29639
11.38	1.30197
11.39	1.30742
11.4	1.31275
11.41	1.31794
11.42	1.323
11.43	1.32792
11.44	1.33272
11.45	1.33738
11.46	1.3419
11.47	1.3463
11.48	1.35055
11.49	1.35468
11.5	1.35867
11.51	1.36252
11.52	1.36623
11.53	1.36981
11.54	1.37325
11.55	1.37656
11.56	1.37972
11.57	1.38275
11.58	1.38564
11.59	1.3884
11.6	1.39101
11.61	1.39348
11.62	1.39582
11.63	1.39801
11.64	1.40007
11.65	1.40198
11.66	1.40376
11.67	1.40539
11.68	1.40689
11.69	1.40824
11.7	1.40945
11.71	1.41053
11.72	1.41146
11.73	1.41225
11.74	1.4129
11.75	1.4134
11.76	1.41377
11.77	1.41399
11.78	1.41408
11.79	1.41402
11.8	1.41382
11.81	1.41348
11.82	1.41299
11.83	1.41237
11.84	1.4116
11.85	1.4107
11.86	1.40965
11.87	1.40846
11.88	1.40713
11.89	1.40566
11.9	1.40405
11.91	1.4023
11.92	1.40041
11.93	1.39838
11.94	1.39621
11.95	1.3939
11.96	1.39145
11.97	1.38886
11.98	1.38613
11.99	1.38326
12	1.38026
12.01	1.37712
12.02	1.37384
12.03	1.37042
12.04	1.36686
12.05	1.36317
12.06	1.35934
12.07	1.35538
12.08	1.35128
12.09	1.34704
12.1	1.34267
12.11	1.33817
12.12	1.33353
12.13	1.32876
12.14	1.32386
12.15	1.31882
12.16	1.31365
12.17	1.30835
12.18	1.30292
12.19	1.29736
12.2	1.29167
12.21	1.28585
12.22	1.27991
12.23	1.27383
12.24	1.26763
12.25	1.2613
12.26	1.25484
12.27	1.24826
12.28	1.24155
12.29	1.23472
12.3	1.22777
12.31	1.22069
12.32	1.21349
12.33	1.20617
12.34	1.19873
12.35	1.19117
12.36	1.18349
12.37	1.17569
12.38	1.16777
12.39	1.15974
12.4	1.15159
12.41	1.14333
12.42	1.13495
12.43	1.12646
12.44	1.11785
12.45	1.10914
12.46	1.10031
12.47	1.09137
12.48	1.08233
12.49	1.07317
12.5	1.06391
12.51	1.05454
12.52	1.04507
12.53	1.03549
12.54	1.02581
12.55	1.01603
12.56	1.00614
12.57	0.996155
12.58	0.986068
12.59	0.975884
12.6	0.965602
12.61	0.955223
12.62	0.944748
12.63	0.93418
12.64	0.923518
12.65	0.912763
12.66	0.901917
12.67	0.890981
12.68	0.879956
12.69	0.868843
12.7	0.857643
12.71	0.846357
12.72	0.834987
12.73	0.823533
12.74	0.811997
12.75	0.800379
12.76	0.788682
12.77	0.776905
12.78	0.765051
12.79	0.753121
12.8	0.741115
12.81	0.729035
12.82	0.716882
12.83	0.704657
12.84	0.692362
12.85	0.679998
12.86	0.667566
12.87	0.655067
12.88	0.642502
12.89	0.629874
12.9	0.617182
12.91	0.604428
12.92	0.591615
12.93	0.578742
12.94	0.565811
12.95	0.552823
12.96	0.53978
12.97	0.526684
12.98	0.513534
12.99	0.500333
13	0.487082
13.01	0.473783
13.02	0.460436
13.03	0.447043
13.04	0.433605
13.05	0.420124
13.06	0.406601
13.07	0.393038
13.08	0.379435
13.09	0.365794
13.1	0.352116
13.11	0.338404
13.12	0.324657
13.13	0.310878
13.14	0.297068
13.15	0.283228
13.16	0.26936
13.17	0.255465
13.18	0.241544
13.19	0.2276
13.2	0.213632
13.21	0.199643
13.22	0.185634
13.23	0.171607
13.24	0.157563
13.25	0.143502
13.26	0.129428
13.27	0.11534
13.28	0.101241
13.29	0.0871316
13.3	0.0730137
13.31	0.0588884
13.32	0.0447573
13.33	0.0306217
13.34	0.016483
13.35	0.00234266
13.36	0.0117979
13.37	0.0259373
13.38	0.040074
13.39	0.0542068
13.4	0.0683341
13.41	0.0824547
13.42	0.0965669
13.43	0.11067
13.44	0.124761
13.45	0.13884
13.46	0.152905
13.47	0.166955
13.48	0.180988
13.49	0.195003
13.5	0.208999
13.51	0.222974
13.52	0.236926
13.53	0.250855
13.54	0.264758
13.55	0.278635
13.56	0.292485
13.57	0.306305
13.58	0.320094
13.59	0.333851
13.6	0.347575
13.61	0.361264
13.62	0.374918
13.63	0.388533
13.64	0.40211
13.65	0.415646
13.66	0.429141
13.67	0.442593
13.68	0.456001
13.69	0.469363
13.7	0.482678
13.71	0.495945
13.72	0.509163
13.73	0.522329
13.74	0.535443
13.75	0.548504
13.76	0.56151
13.77	0.574459
13.78	0.587352
13.79	0.600185
13.8	0.612958
13.81	0.625671
13.82	0.63832
13.83	0.650906
13.84	0.663427
13.85	0.675881
13.86	0.688268
13.87	0.700585
13.88	0.712833
13.89	0.72501
13.9	0.737114
13.91	0.749144
13.92	0.761099
13.93	0.772979
13.94	0.784781
13.95	0.796504
13.96	0.808148
13.97	0.819711
13.98	0.831192
13.99	0.84259
14	0.853904
14.01	0.865132
14.02	0.876274
14.03	0.887328
14.04	0.898293
14.05	0.909169
14.06	0.919954
14.07	0.930646
14.08	0.941246
14.09	0.951751
14.1	0.962161
14.11	0.972476
14.12	0.982692
14.13	0.992811
14.14	1.00283
14.15	1.01275
14.16	1.02257
14.17	1.03228
14.18	1.04189
14.19	1.0514
14.2	1.06081
14.21	1.0701
14.22	1.07929
14.23	1.08837
14.24	1.09735
14.25	1.10621
14.26	1.11496
14.27	1.1236
14.28	1.13213
14.29	1.14055
14.3	1.14885
14.31	1.15704
14.32	1.16511
14.33	1.17306
14.34	1.1809
14.35	1.18862
14.36	1.19622
14.37	1.2037
14.38	1.21106
14.39	1.2183
14.4	1.22541
14.41	1.23241
14.42	1.23928
14.43	1.24603
14.44	1.25265
14.45	1.25915
14.46	1.26552
14.47	1.27177
14.48	1.27788
14.49	1.28387
14.5	1.28974
14.51	1.29547
14.52	1.30107
14.53	1.30654
14.54	1.31189
14.55	1.3171
14.56	1.32218
14.57	1.32713
14.58	1.33194
14.59	1.33662
14.6	1.34117
14.61	1.34558
14.62	1.34986
14.63	1.35401
14.64	1.35801
14.65	1.36189
14.66	1.36562
14.67	1.36922
14.68	1.37269
14.69	1.37601
14.7	1.3792
14.71	1.38225
14.72	1.38516
14.73	1.38794
14.74	1.39057
14.75	1.39307
14.76	1.39543
14.77	1.39764
14.78	1.39972
14.79	1.40166
14.8	1.40345
14.81	1.40511
14.82	1.40663
14.83	1.408
14.84	1.40924
14.85	1.41033
14.86	1.41128
14.87	1.4121
14.88	1.41277
14.89	1.4133
14.9	1.41368
14.91	1.41393
14.92	1.41403
14.93	1.414
14.94	1.41382
14.95	1.4135
14.96	1.41304
14.97	1.41244
14.98	1.4117
14.99	1.41081
15	1.40979
15.01	1.40862
15.02	1.40731
15.03	1.40587
15.04	1.40428
15.05	1.40255
15.06	1.40068
15.07	1.39867
15.08	1.39652
15.09	1.39423
15.1	1.3918
15.11	1.38924
15.12	1.38653
15.13	1.38369
15.14	1.3807
15.15	1.37758
15.16	1.37432
15.17	1.37093
15.18	1.36739
15.19	1.36372
15.2	1.35992
15.21	1.35597
15.22	1.35189
15.23	1.34768
15.24	1.34333
15.25	1.33885
15.26	1.33423
15.27	1.32948
15.28	1.3246
15.29	1.31959
15.3	1.31444
15.31	1.30916
15.32	1.30375
15.33	1.29821
15.34	1.29254
15.35	1.28674
15.36	1.28081
15.37	1.27476
15.38	1.26857
15.39	1.26226
15.4	1.25583
15.41	1.24927
15.42	1.24258
15.43	1.23577
15.44	1.22883
15.45	1.22177
15.46	1.2146
15.47	1.20729
15.48	1.19987
15.49	1.19233
15.5	1.18467
15.51	1.17689
15.52	1.16899
15.53	1.16098
15.54	1.15285
15.55	1.1446
15.56	1.13624
15.57	1.12777
15.58	1.11918
15.59	1.11048
15.6	1.10167
15.61	1.09275
15.62	1.08372
15.63	1.07459
15.64	1.06534
15.65	1.05599
15.66	1.04653
15.67	1.03697
15.68	1.02731
15.69	1.01754
15.7	1.00767
15.71	0.997699
15.72	0.987629
15.73	0.97746
15.74	0.967193
15.75	0.95683
15.76	0.946371
15.77	0.935817
15.78	0.92517
15.79	0.91443
15.8	0.903598
15.81	0.892677
15.82	0.881666
15.83	0.870567
15.84	0.85938
15.85	0.848108
15.86	0.836751
15.87	0.825311
15.88	0.813788
15.89	0.802183
15.9	0.790498
15.91	0.778735
15.92	0.766893
15.93	0.754975
15.94	0.742981
15.95	0.730913
15.96	0.718772
15.97	0.706558
15.98	0.694275
15.99	0.681922
16	0.6695
16.01	0.657012
16.02	0.644458
16.03	0.631839
16.04	0.619158
16.05	0.606414
16.06	0.59361
16.07	0.580747
16.08	0.567825
16.09	0.554847
16.1	0.541813
16.11	0.528725
16.12	0.515584
16.13	0.502391
16.14	0.489148
16.15	0.475857
16.16	0.462518
16.17	0.449132
16.18	0.435702
16.19	0.422228
16.2	0.408712
16.21	0.395155
16.22	0.381558
16.23	0.367923
16.24	0.354252
16.25	0.340545
16.26	0.326804
16.27	0.31303
16.28	0.299225
16.29	0.28539
16.3	0.271527
16.31	0.257636
16.32	0.24372
16.33	0.229779
16.34	0.215816
16.35	0.20183
16.36	0.187825
16.37	0.173801
16.38	0.159759
16.39	0.145702
16.4	0.13163
16.41	0.117544
16.42	0.103447
16.43	0.0893398
16.44	0.0752235
16.45	0.0610997
16.46	0.0469697
16.47	0.0328351
16.48	0.0186972
16.49	0.00455736
16.5	0.00958288
16.51	0.0237222
16.52	0.0378591
16.53	0.0519922
16.54	0.0661201
16.55	0.0802414
16.56	0.0943547
16.57	0.108459
16.58	0.122552
16.59	0.136632
16.6	0.150699
16.61	0.164751
16.62	0.178787
16.63	0.192804
16.64	0.206803
16.65	0.22078
16.66	0.234736
16.67	0.248668
16.68	0.262575
16.69	0.276456
16.7	0.29031
16.71	0.304134
16.72	0.317928
16.73	0.33169
16.74	0.345419
16.75	0.359113
16.76	0.372772
16.77	0.386393
16.78	0.399976
16.79	0.413518
16.8	0.427019
16.81	0.440478
16.82	0.453892
16.83	0.467261
16.84	0.480584
16.85	0.493858
16.86	0.507083
16.87	0.520257
16.88	0.533379
16.89	0.546448
16.9	0.559462
16.91	0.57242
16.92	0.585321
16.93	0.598163
16.94	0.610946
16.95	0.623667
16.96	0.636327
16.97	0.648922
16.98	0.661453
16.99	0.673917
17	0.686314
17.01	0.698643
17.02	0.710901
17.03	0.723089
17.04	0.735204
17.05	0.747245
17.06	0.759212
17.07	0.771103
17.08	0.782917
17.09	0.794653
17.1	0.806309
17.11	0.817884
17.12	0.829378
17.13	0.840789
17.14	0.852115
17.15	0.863357
17.16	0.874512
17.17	0.885579
17.18	0.896558
17.19	0.907448
17.2	0.918247
17.21	0.928953
17.22	0.939567
17.23	0.950087
17.24	0.960512
17.25	0.970841
17.26	0.981073
17.27	0.991207
17.28	1.00124
17.29	1.01118
17.3	1.02101
17.31	1.03074
17.32	1.04037
17.33	1.04989
17.34	1.05931
17.35	1.06863
17.36	1.07783
17.37	1.08693
17.38	1.09592
17.39	1.1048
17.4	1.11357
17.41	1.12223
17.42	1.13077
17.43	1.13921
17.44	1.14753
17.45	1.15573
17.46	1.16382
17.47	1.17179
17.48	1.17965
17.49	1.18739
17.5	1.195
17.51	1.2025
17.52	1.20988
17.53	1.21714
17.54	1.22428
17.55	1.23129
17.56	1.23818
17.57	1.24495
17.58	1.25159
17.59	1.25811
17.6	1.2645
17.61	1.27076
17.62	1.2769
17.63	1.28291
17.64	1.28879
17.65	1.29454
17.66	1.30017
17.67	1.30566
17.68	1.31102
17.69	1.31626
17.7	1.32136
17.71	1.32632
17.72	1.33116
17.73	1.33586
17.74	1.34043
17.75	1.34487
17.76	1.34917
17.77	1.35333
17.78	1.35736
17.79	1.36125
17.8	1.36501
17.81	1.36863
17.82	1.37212
17.83	1.37547
17.84	1.37868
17.85	1.38175
17.86	1.38468
17.87	1.38748
17.88	1.39013
17.89	1.39265
17.9	1.39503
17.91	1.39727
17.92	1.39937
17.93	1.40133
17.94	1.40315
17.95	1.40482
17.96	1.40636
17.97	1.40776
17.98	1.40902
17.99	1.41013
18	1.41111
18.01	1.41194
18.02	1.41263
18.03	1.41319
18.04	1.4136
18.05	1.41386
18.06	1.41399
18.07	1.41398
18.08	1.41382
18.09	1.41352
18.1	1.41309
18.11	1.41251
18.12	1.41179
18.13	1.41092
18.14	1.40992
18.15	1.40878
18.16	1.40749
18.17	1.40607
18.18	1.4045
18.19	1.40279
18.2	1.40095
18.21	1.39896
18.22	1.39683
18.23	1.39456
18.24	1.39216
18.25	1.38961
18.26	1.38693
18.27	1.3841
18.28	1.38114
18.29	1.37804
18.3	1.37481
18.31	1.37143
18.32	1.36792
18.33	1.36427
18.34	1.36049
18.35	1.35656
18.36	1.35251
18.37	1.34831
18.38	1.34399
18.39	1.33953
18.4	1.33493
18.41	1.3302
18.42	1.32534
18.43	1.32035
18.44	1.31522
18.45	1.30996
18.46	1.30457
18.47	1.29905
18.48	1.2934
18.49	1.28762
18.5	1.28172
18.51	1.27568
18.52	1.26952
18.53	1.26323
18.54	1.25681
18.55	1.25027
18.56	1.2436
18.57	1.23681
18.58	1.22989
18.59	1.22286
18.6	1.2157
18.61	1.20841
18.62	1.20101
18.63	1.19349
18.64	1.18585
18.65	1.17808
18.66	1.17021
18.67	1.16221
18.68	1.1541
18.69	1.14587
18.7	1.13753
18.71	1.12907
18.72	1.1205
18.73	1.11182
18.74	1.10303
18.75	1.09413
18.76	1.08512
18.77	1.076
18.78	1.06677
18.79	1.05744
18.8	1.048
18.81	1.03845
18.82	1.0288
18.83	1.01905
18.84	1.0092
18.85	0.999242
18.86	0.989187
18.87	0.979034
18.88	0.968783
18.89	0.958435
18.9	0.947991
18.91	0.937452
18.92	0.926819
18.93	0.916094
18.94	0.905277
18.95	0.89437
18.96	0.883373
18.97	0.872288
18.98	0.861116
18.99	0.849857
19	0.838514
19.01	0.827087
19.02	0.815577
19.03	0.803985
19.04	0.792313
19.05	0.780562
19.06	0.768733
19.07	0.756827
19.08	0.744845
19.09	0.732789
19.1	0.720659
19.11	0.708458
19.12	0.696185
19.13	0.683843
19.14	0.671433
19.15	0.658955
19.16	0.646412
19.17	0.633804
19.18	0.621132
19.19	0.608399
19.2	0.595604
19.21	0.58275
19.22	0.569838
19.23	0.556869
19.24	0.543844
19.25	0.530764
19.26	0.517632
19.27	0.504448
19.28	0.491213
19.29	0.477929
19.3	0.464598
19.31	0.45122
19.32	0.437797
19.33	0.42433
19.34	0.410821
19.35	0.39727
19.36	0.38368
19.37	0.370052
19.38	0.356386
19.39	0.342685
19.4	0.32895
19.41	0.315181
19.42	0.301382
19.43	0.287552
19.44	0.273693
19.45	0.259807
19.46	0.245895
19.47	0.231958
19.48	0.217999
19.49	0.204017
19.5	0.190015
19.51	0.175994
19.52	0.161955
19.53	0.147901
19.54	0.133831
19.55	0.119748
19.56	0.105653
19.57	0.0915477
19.58	0.077433
19.59	0.0633106
19.6	0.0491819
19.61	0.0350483
19.62	0.0209112
19.63	0.00677194
19.64	0.00736796
19.65	0.0215071
19.66	0.0356441
19.67	0.0497776
19.68	0.063906
19.69	0.0780281
19.7	0.0921424
19.71	0.106247
19.72	0.120342
19.73	0.134424
19.74	0.148493
19.75	0.162547
19.76	0.176585
19.77	0.190605
19.78	0.204606
19.79	0.218587
19.8	0.232546
19.81	0.246481
19.82	0.260392
19.83	0.274277
19.84	0.288134
19.85	0.301963
19.86	0.315761
19.87	0.329528
19.88	0.343262
19.89	0.356961
19.9	0.370625
19.91	0.384252
19.92	0.39784
19.93	0.411389
19.94	0.424896
19.95	0.438361
19.96	0.451782
19.97	0.465158
19.98	0.478488
19.99	0.491769
20	0.505001
20.01	0.518183
20.02	0.531313
20.03	0.54439
20.04	0.557413
20.05	0.570379
20.06	0.583289
20.07	0.59614
20.08	0.608932
20.09	0.621663
20.1	0.634331
20.11	0.646937
20.12	0.659477
20.13	0.671952
20.14	0.684359
20.15	0.696698
20.16	0.708967
20.17	0.721166
20.18	0.733292
20.19	0.745345
20.2	0.757323
20.21	0.769226
20.22	0.781051
20.23	0.792799
20.24	0.804467
20.25	0.816055
20.26	0.827562
20.27	0.838985
20.28	0.850325
20.29	0.861579
20.3	0.872748
20.31	0.883829
20.32	0.894821
20.33	0.905725
20.34	0.916537
20.35	0.927258
20.36	0.937887
20.37	0.948421
20.38	0.958861
20.39	0.969205
20.4	0.979451
20.41	0.9896
20.42	0.99965
20.43	1.0096
20.44	1.01945
20.45	1.0292
20.46	1.03884
20.47	1.04838
20.48	1.05782
20.49	1.06715
20.5	1.07637
20.51	1.08548
20.52	1.09449
20.53	1.10339
20.54	1.11217
20.55	1.12085
20.56	1.12941
20.57	1.13786
20.58	1.1462
20.59	1.15442
20.6	1.16253
20.61	1.17052
20.62	1.17839
20.63	1.18615
20.64	1.19379
20.65	1.20131
20.66	1.2087
20.67	1.21598
20.68	1.22313
20.69	1.23017
20.7	1.23708
20.71	1.24386
20.72	1.25052
20.73	1.25706
20.74	1.26347
20.75	1.26976
20.76	1.27591
20.77	1.28194
20.78	1.28785
20.79	1.29362
20.8	1.29926
20.81	1.30478
20.82	1.31016
20.83	1.31541
20.84	1.32053
20.85	1.32552
20.86	1.33038
20.87	1.3351
20.88	1.33969
20.89	1.34414
20.9	1.34847
20.91	1.35265
20.92	1.3567
20.93	1.36062
20.94	1.3644
20.95	1.36804
20.96	1.37155
20.97	1.37492
20.98	1.37815
20.99	1.38124
21	1.3842
21.01	1.38701
21.02	1.38969
21.03	1.39223
21.04	1.39463
21.05	1.39689
21.06	1.39901
21.07	1.40099
21.08	1.40283
21.09	1.40453
21.1	1.40609
21.11	1.40751
21.12	1.40879
21.13	1.40993
21.14	1.41093
21.15	1.41178
21.16	1.4125
21.17	1.41307
21.18	1.4135
21.19	1.41379
21.2	1.41394
21.21	1.41395
21.22	1.41382
21.23	1.41354
21.24	1.41313
21.25	1.41257
21.26	1.41187
21.27	1.41103
21.28	1.41005
21.29	1.40893
21.3	1.40767
21.31	1.40626
21.32	1.40472
21.33	1.40303
21.34	1.40121
21.35	1.39924
21.36	1.39714
21.37	1.39489
21.38	1.39251
21.39	1.38998
21.4	1.38732
21.41	1.38452
21.42	1.38158
21.43	1.3785
21.44	1.37529
21.45	1.37193
21.46	1.36844
21.47	1.36482
21.48	1.36105
21.49	1.35715
21.5	1.35312
21.51	1.34895
21.52	1.34464
21.53	1.3402
21.54	1.33562
21.55	1.33092
21.56	1.32608
21.57	1.3211
21.58	1.316
21.59	1.31076
21.6	1.30539
21.61	1.29989
21.62	1.29426
21.63	1.2885
21.64	1.28262
21.65	1.2766
21.66	1.27046
21.67	1.26419
21.68	1.25779
21.69	1.25127
21.7	1.24462
21.71	1.23785
21.72	1.23095
21.73	1.22394
21.74	1.21679
21.75	1.20953
21.76	1.20215
21.77	1.19464
21.78	1.18702
21.79	1.17928
21.8	1.17142
21.81	1.16344
21.82	1.15535
21.83	1.14714
21.84	1.13881
21.85	1.13038
21.86	1.12182
21.87	1.11316
21.88	1.10439
21.89	1.0955
21.9	1.08651
21.91	1.07741
21.92	1.06819
21.93	1.05888
21.94	1.04945
21.95	1.03993
21.96	1.03029
21.97	1.02056
21.98	1.01072
21.99	1.00078
22	0.990743
22.01	0.980605
22.02	0.970369
22.03	0.960037
22.04	0.949608
22.05	0.939084
22.06	0.928467
22.07	0.917756
22.08	0.906954
22.09	0.896061
22.1	0.885078
22.11	0.874007
22.12	0.862849
22.13	0.851604
22.14	0.840274
22.15	0.82886
22.16	0.817364
22.17	0.805785
22.18	0.794126
22.19	0.782388
22.2	0.770571
22.21	0.758677
22.22	0.746707
22.23	0.734663
22.24	0.722545
22.25	0.710355
22.26	0.698094
22.27	0.685763
22.28	0.673364
22.29	0.660897
22.3	0.648364
22.31	0.635766
22.32	0.623105
22.33	0.610381
22.34	0.597596
22.35	0.584752
22.36	0.571849
22.37	0.558889
22.38	0.545873
22.39	0.532803
22.4	0.519679
22.41	0.506503
22.42	0.493276
22.43	0.480001
22.44	0.466677
22.45	0.453307
22.46	0.439891
22.47	0.426431
22.48	0.412929
22.49	0.399385
22.5	0.385801
22.51	0.372179
22.52	0.35852
22.53	0.344824
22.54	0.331095
22.55	0.317332
22.56	0.303537
22.57	0.289712
22.58	0.275858
22.59	0.261977
22.6	0.248069
22.61	0.234137
22.62	0.220181
22.63	0.206203
22.64	0.192204
22.65	0.178187
22.66	0.164151
22.67	0.150099
22.68	0.136032
22.69	0.121952
22.7	0.107859
22.71	0.0937552
22.72	0.0796423
22.73	0.0655214
22.74	0.0513939
22.75	0.0372613
22.76	0.023125
22.77	0.00898638
22.78	0.00515314
22.79	0.0192921
22.8	0.0334292
22.81	0.0475629
22.82	0.0616919
22.83	0.0758147
22.84	0.0899299
22.85	0.104036
22.86	0.118132
22.87	0.132216
22.88	0.146287
22.89	0.160343
22.9	0.174383
22.91	0.188406
22.92	0.202409
22.93	0.216393
22.94	0.230355
22.95	0.244294
22.96	0.258208
22.97	0.272097
22.98	0.285958
22.99	0.299791
23	0.313594
23.01	0.327365
23.02	0.341104
23.03	0.354809
23.04	0.368478
23.05	0.38211
23.06	0.395704
23.07	0.409259
23.08	0.422772
23.09	0.436244
23.1	0.449671
23.11	0.463054
23.12	0.476391
23.13	0.489679
23.14	0.502919
23.15	0.516109
23.16	0.529246
23.17	0.542331
23.18	0.555362
23.19	0.568337
23.2	0.581256
23.21	0.594116
23.22	0.606917
23.23	0.619657
23.24	0.632335
23.25	0.64495
23.26	0.6575
23.27	0.669985
23.28	0.682403
23.29	0.694752
23.3	0.707032
23.31	0.719241
23.32	0.731378
23.33	0.743443
23.34	0.755432
23.35	0.767347
23.36	0.779184
23.37	0.790944
23.38	0.802624
23.39	0.814224
23.4	0.825743
23.41	0.83718
23.42	0.848532
23.43	0.8598
23.44	0.870981
23.45	0.882076
23.46	0.893082
23.47	0.903999
23.48	0.914826
23.49	0.925561
23.5	0.936204
23.51	0.946753
23.52	0.957207
23.53	0.967566
23.54	0.977828
23.55	0.987992
23.56	0.998057
23.57	1.00802
23.58	1.01789
23.59	1.02765
23.6	1.03731
23.61	1.04687
23.62	1.05632
23.63	1.06566
23.64	1.0749
23.65	1.08404
23.66	1.09306
23.67	1.10197
23.68	1.11078
23.69	1.11947
23.7	1.12805
23.71	1.13652
23.72	1.14487
23.73	1.15311
23.74	1.16124
23.75	1.16925
23.76	1.17714
23.77	1.18491
23.78	1.19257
23.79	1.2001
23.8	1.20752
23.81	1.21482
23.82	1.22199
23.83	1.22904
23.84	1.23597
23.85	1.24278
23.86	1.24946
23.87	1.25601
23.88	1.26244
23.89	1.26875
23.9	1.27493
23.91	1.28097
23.92	1.2869
23.93	1.29269
23.94	1.29835
23.95	1.30389
23.96	1.30929
23.97	1.31456
23.98	1.3197
23.99	1.32471
24	1.32959
24.01	1.33433
24.02	1.33894
24.03	1.34342
24.04	1.34776
24.05	1.35197
24.06	1.35604
24.07	1.35998
24.08	1.36378
24.09	1.36744
24.1	1.37097
24.11	1.37436
24.12	1.37761
24.13	1.38073
24.14	1.38371
24.15	1.38654
24.16	1.38924
24.17	1.39181
24.18	1.39423
24.19	1.39651
24.2	1.39865
24.21	1.40066
24.22	1.40252
24.23	1.40424
24.24	1.40582
24.25	1.40726
24.26	1.40856
24.27	1.40972
24.28	1.41074
24.29	1.41162
24.3	1.41236
24.31	1.41295
24.32	1.41341
24.33	1.41372
24.34	1.41389
24.35	1.41392
24.36	1.41381
24.37	1.41356
24.38	1.41317
24.39	1.41263
24.4	1.41195
24.41	1.41114
24.42	1.41018
24.43	1.40908
24.44	1.40784
24.45	1.40645
24.46	1.40493
24.47	1.40327
24.48	1.40147
24.49	1.39952
24.5	1.39744
24.51	1.39522
24.52	1.39285
24.53	1.39035
24.54	1.38771
24.55	1.38493
24.56	1.38201
24.57	1.37896
24.58	1.37576
24.59	1.37243
24.6	1.36896
24.61	1.36536
24.62	1.36161
24.63	1.35774
24.64	1.35372
24.65	1.34957
24.66	1.34529
24.67	1.34087
24.68	1.33632
24.69	1.33163
24.7	1.32681
24.71	1.32186
24.72	1.31677
24.73	1.31155
24.74	1.30621
24.75	1.30073
24.76	1.29512
24.77	1.28938
24.78	1.28351
24.79	1.27752
24.8	1.2714
24.81	1.26515
24.82	1.25877
24.83	1.25227
24.84	1.24564
24.85	1.23889
24.86	1.23201
24.87	1.22501
24.88	1.21789
24.89	1.21065
24.9	1.20328
24.91	1.1958
24.92	1.18819
24.93	1.18047
24.94	1.17263
24.95	1.16467
24.96	1.15659
24.97	1.1484
24.98	1.14009
24.99	1.13167
25	1.12314
25.01	1.1145
25.02	1.10574
25.03	1.09687
25.04	1.0879
25.05	1.07881
25.06	1.06962
25.07	1.06032
25.08	1.05091
25.09	1.0414
25.1	1.03178
25.11	1.02206
25.12	1.01224
25.13	1.00232
25.14	0.992296
25.15	0.982174
25.16	0.971954
25.17	0.961637
25.18	0.951223
25.19	0.940714
25.2	0.930112
25.21	0.919416
25.22	0.908628
25.23	0.89775
25.24	0.886781
25.25	0.875725
25.26	0.86458
25.27	0.853349
25.28	0.842033
25.29	0.830632
25.3	0.819149
25.31	0.807583
25.32	0.795937
25.33	0.784211
25.34	0.772407
25.35	0.760525
25.36	0.748568
25.37	0.736535
25.38	0.724429
25.39	0.712251
25.4	0.700001
25.41	0.687681
25.42	0.675293
25.43	0.662837
25.44	0.650314
25.45	0.637727
25.46	0.625076
25.47	0.612362
25.48	0.599587
25.49	0.586752
25.5	0.573859
25.51	0.560908
25.52	0.547901
25.53	0.534839
25.54	0.521724
25.55	0.508557
25.56	0.495339
25.57	0.482071
25.58	0.468755
25.59	0.455392
25.6	0.441983
25.61	0.428531
25.62	0.415035
25.63	0.401498
25.64	0.387921
25.65	0.374305
25.66	0.360652
25.67	0.346963
25.68	0.333239
25.69	0.319481
25.7	0.305692
25.71	0.291872
25.72	0.278023
25.73	0.264146
25.74	0.250243
25.75	0.236314
25.76	0.222362
25.77	0.208388
25.78	0.194393
25.79	0.180379
25.8	0.166346
25.81	0.152297
25.82	0.138233
25.83	0.124155
25.84	0.110064
25.85	0.0959624
25.86	0.0818512
25.87	0.0677318
25.88	0.0536056
25.89	0.0394741
25.9	0.0253387
25.91	0.0112007
25.92	0.00293842
25.93	0.0170772
25.94	0.0312143
25.95	0.0453483
25.96	0.0594777
25.97	0.0736012
25.98	0.0877173
25.99	0.101825
26	0.115922
26.01	0.130007
26.02	0.14408
26.03	0.158138
26.04	0.17218
26.05	0.186206
26.06	0.200212
26.07	0.214199
26.08	0.228164
26.09	0.242106
26.1	0.256024
26.11	0.269916
26.12	0.283782
26.13	0.297619
26.14	0.311426
26.15	0.325202
26.16	0.338946
26.17	0.352655
26.18	0.36633
26.19	0.379968
26.2	0.393568
26.21	0.407128
26.22	0.420648
26.23	0.434125
26.24	0.44756
26.25	0.460949
26.26	0.474293
26.27	0.487588
26.28	0.500836
26.29	0.514033
26.3	0.527178
26.31	0.540271
26.32	0.55331
26.33	0.566294
26.34	0.579221
26.35	0.59209
26.36	0.6049
26.37	0.617649
26.38	0.630337
26.39	0.642961
26.4	0.655522
26.41	0.668016
26.42	0.680444
26.43	0.692804
26.44	0.705095
26.45	0.717315
26.46	0.729463
26.47	0.741539
26.48	0.75354
26.49	0.765466
26.5	0.777315
26.51	0.789087
26.52	0.800779
26.53	0.812392
26.54	0.823923
26.55	0.835372
26.56	0.846737
26.57	0.858018
26.58	0.869213
26.59	0.880321
26.6	0.891341
26.61	0.902272
26.62	0.913113
26.63	0.923862
26.64	0.934519
26.65	0.945082
26.66	0.955551
26.67	0.965925
26.68	0.976201
26.69	0.98638
26.7	0.996461
26.71	1.00644
26.72	1.01632
26.73	1.0261
26.74	1.03578
26.75	1.04535
26.76	1.05482
26.77	1.06418
26.78	1.07344
26.79	1.08258
26.8	1.09162
26.81	1.10056
26.82	1.10938
26.83	1.11809
26.84	1.12669
26.85	1.13517
26.86	1.14354
26.87	1.1518
26.88	1.15994
26.89	1.16797
26.9	1.17588
26.91	1.18367
26.92	1.19135
26.93	1.1989
26.94	1.20634
26.95	1.21365
26.96	1.22084
26.97	1.22791
26.98	1.23486
26.99	1.24169
27	1.24839
27.01	1.25496
27.02	1.26141
27.03	1.26774
27.04	1.27393
27.05	1.28
27.06	1.28594
27.07	1.29176
27.08	1.29744
27.09	1.303
27.1	1.30842
27.11	1.31371
27.12	1.31887
27.13	1.3239
27.14	1.3288
27.15	1.33357
27.16	1.3382
27.17	1.34269
27.18	1.34706
27.19	1.35128
27.2	1.35538
27.21	1.35934
27.22	1.36316
27.23	1.36684
27.24	1.37039
27.25	1.3738
27.26	1.37708
27.27	1.38021
27.28	1.38321
27.29	1.38607
27.3	1.38879
27.31	1.39138
27.32	1.39382
27.33	1.39612
27.34	1.39829
27.35	1.40031
27.36	1.4022
27.37	1.40394
27.38	1.40555
27.39	1.40701
27.4	1.40833
27.41	1.40952
27.42	1.41056
27.43	1.41146
27.44	1.41222
27.45	1.41283
27.46	1.41331
27.47	1.41364
27.48	1.41384
27.49	1.41389
27.5	1.4138
27.51	1.41357
27.52	1.4132
27.53	1.41269
27.54	1.41203
27.55	1.41124
27.56	1.4103
27.57	1.40922
27.58	1.408
27.59	1.40664
27.6	1.40514
27.61	1.4035
27.62	1.40172
27.63	1.3998
27.64	1.39774
27.65	1.39554
27.66	1.3932
27.67	1.39072
27.68	1.3881
27.69	1.38534
27.7	1.38244
27.71	1.37941
27.72	1.37624
27.73	1.37293
27.74	1.36948
27.75	1.3659
27.76	1.36217
27.77	1.35832
27.78	1.35432
27.79	1.3502
27.8	1.34593
27.81	1.34153
27.82	1.337
27.83	1.33234
27.84	1.32754
27.85	1.32261
27.86	1.31754
27.87	1.31235
27.88	1.30702
27.89	1.30156
27.9	1.29597
27.91	1.29025
27.92	1.28441
27.93	1.27843
27.94	1.27233
27.95	1.2661
27.96	1.25974
27.97	1.25326
27.98	1.24665
27.99	1.23992
28	1.23306
28.01	1.22608
28.02	1.21898
28.03	1.21176
28.04	1.20441
28.05	1.19694
28.06	1.18936
28.07	1.18165
28.08	1.17383
28.09	1.16589
28.1	1.15783
28.11	1.14966
28.12	1.14137
28.13	1.13297
28.14	1.12446
28.15	1.11583
28.16	1.10709
28.17	1.09824
28.18	1.08928
28.19	1.08021
28.2	1.07104
28.21	1.06175
28.22	1.05236
28.23	1.04287
28.24	1.03327
28.25	1.02356
28.26	1.01376
28.27	1.00385
28.28	0.993847
28.29	0.98374
28.3	0.973536
28.31	0.963234
28.32	0.952836
28.33	0.942342
28.34	0.931754
28.35	0.921073
28.36	0.9103
28.37	0.899436
28.38	0.888482
28.39	0.877439
28.4	0.866309
28.41	0.855092
28.42	0.843789
28.43	0.832402
28.44	0.820931
28.45	0.809379
28.46	0.797745
28.47	0.786032
28.48	0.774241
28.49	0.762371
28.5	0.750426
28.51	0.738405
28.52	0.726311
28.53	0.714144
28.54	0.701906
28.55	0.689597
28.56	0.67722
28.57	0.664775
28.58	0.652263
28.59	0.639686
28.6	0.627045
28.61	0.614342
28.62	0.601577
28.63	0.588751
28.64	0.575867
28.65	0.562926
28.66	0.549928
28.67	0.536875
28.68	0.523768
28.69	0.510609
28.7	0.497399
28.71	0.484139
28.72	0.470831
28.73	0.457476
28.74	0.444075
28.75	0.43063
28.76	0.417141
28.77	0.403611
28.78	0.39004
28.79	0.376431
28.8	0.362784
28.81	0.3491
28.82	0.335382
28.83	0.32163
28.84	0.307846
28.85	0.294031
28.86	0.280187
28.87	0.266314
28.88	0.252416
28.89	0.238491
28.9	0.224543
28.91	0.210573
28.92	0.196581
28.93	0.18257
28.94	0.168541
28.95	0.154495
28.96	0.140433
28.97	0.126357
28.98	0.112269
28.99	0.0981692
29	0.0840598
29.01	0.0699419
29.02	0.0558171
29.03	0.0416867
29.04	0.0275522
29.05	0.0134148
29.06	0.000723805
29.07	0.0148624
29.08	0.0289995
29.09	0.0431337
29.1	0.0572635
29.11	0.0713877
29.12	0.0855047
29.13	0.0996131
29.14	0.113712
29.15	0.127799
29.16	0.141873
29.17	0.155933
29.18	0.169978
29.19	0.184005
29.2	0.198014
29.21	0.212004
29.22	0.225972
29.23	0.239917
29.24	0.253839
29.25	0.267735
29.26	0.281605
29.27	0.295446
29.28	0.309257
29.29	0.323038
29.3	0.336787
29.31	0.350501
29.32	0.364181
29.33	0.377824
29.34	0.39143
29.35	0.404996
29.36	0.418522
29.37	0.432006
29.38	0.445447
29.39	0.458843
29.4	0.472193
29.41	0.485497
29.42	0.498751
29.43	0.511956
29.44	0.525109
29.45	0.53821
29.46	0.551257
29.47	0.56425
29.48	0.577185
29.49	0.590063
29.5	0.602882
29.51	0.61564
29.52	0.628338
29.53	0.640972
29.54	0.653542
29.55	0.666047
29.56	0.678485
29.57	0.690855
29.58	0.703156
29.59	0.715387
29.6	0.727546
29.61	0.739633
29.62	0.751645
29.63	0.763583
29.64	0.775444
29.65	0.787227
29.66	0.798932
29.67	0.810557
29.68	0.822101
29.69	0.833563
29.7	0.844941
29.71	0.856235
29.72	0.867443
29.73	0.878564
29.74	0.889598
29.75	0.900542
29.76	0.911397
29.77	0.92216
29.78	0.932831
29.79	0.943409
29.8	0.953893
29.81	0.964281
29.82	0.974573
29.83	0.984767
29.84	0.994863
29.85	1.00486
29.86	1.01475
29.87	1.02455
29.88	1.03424
29.89	1.04383
29.9	1.05331
29.91	1.06269
29.92	1.07196
29.93	1.08113
29.94	1.09019
29.95	1.09914
29.96	1.10797
29.97	1.1167
29.98	1.12532
29.99	1.13382
30	1.14221
30.01	1.15049
30.02	1.15865
30.03	1.16669
30.04	1.17462
30.05	1.18243
30.06	1.19012
30.07	1.19769
30.08	1.20515
30.09	1.21248
30.1	1.21969
30.11	1.22678
30.12	1.23375
30.13	1.24059
30.14	1.24731
30.15	1.25391
30.16	1.26038
30.17	1.26672
30.18	1.27294
30.19	1.27903
30.2	1.28499
30.21	1.29082
30.22	1.29653
30.23	1.3021
30.24	1.30754
30.25	1.31286
30.26	1.31804
30.27	1.32309
30.28	1.32801
30.29	1.33279
30.3	1.33745
30.31	1.34196
30.32	1.34635
30.33	1.3506
30.34	1.35471
30.35	1.35869
30.36	1.36253
30.37	1.36624
30.38	1.36981
30.39	1.37324
30.4	1.37654
30.41	1.3797
30.42	1.38272
30.43	1.3856
30.44	1.38834
30.45	1.39095
30.46	1.39341
30.47	1.39574
30.48	1.39792
30.49	1.39997
30.5	1.40188
30.51	1.40364
30.52	1.40527
30.53	1.40675
30.54	1.4081
30.55	1.4093
30.56	1.41037
30.57	1.41129
30.58	1.41207
30.59	1.41271
30.6	1.41321
30.61	1.41357
30.62	1.41378
30.63	1.41386
30.64	1.41379
30.65	1.41358
30.66	1.41323
30.67	1.41274
30.68	1.41211
30.69	1.41133
30.7	1.41042
30.71	1.40936
30.72	1.40817
30.73	1.40683
30.74	1.40535
30.75	1.40373
30.76	1.40197
30.77	1.40007
30.78	1.39803
30.79	1.39586
30.8	1.39354
30.81	1.39108
30.82	1.38848
30.83	1.38575
30.84	1.38287
30.85	1.37986
30.86	1.37671
30.87	1.37342
30.88	1.36999
30.89	1.36643
30.9	1.36273
30.91	1.3589
30.92	1.35492
30.93	1.35082
30.94	1.34657
30.95	1.3422
30.96	1.33769
30.97	1.33304
30.98	1.32826
30.99	1.32335
31	1.31831
31.01	1.31313
31.02	1.30783
31.03	1.30239
31.04	1.29682
31.05	1.29113
31.06	1.2853
31.07	1.27934
31.08	1.27326
31.09	1.26705
31.1	1.26071
31.11	1.25425
31.12	1.24766
31.13	1.24095
31.14	1.23411
31.15	1.22715
31.16	1.22007
31.17	1.21286
31.18	1.20554
31.19	1.19809
31.2	1.19052
31.21	1.18284
31.22	1.17503
31.23	1.16711
31.24	1.15907
31.25	1.15092
31.26	1.14265
31.27	1.13427
31.28	1.12577
31.29	1.11716
31.3	1.10844
31.31	1.09961
31.32	1.09066
31.33	1.08161
31.34	1.07245
31.35	1.06319
31.36	1.05381
31.37	1.04433
31.38	1.03475
31.39	1.02506
31.4	1.01528
31.41	1.00539
31.42	0.995395
31.43	0.985304
31.44	0.975115
31.45	0.964829
31.46	0.954446
31.47	0.943967
31.48	0.933395
31.49	0.922728
31.5	0.91197
31.51	0.90112
31.52	0.890181
31.53	0.879152
31.54	0.868035
31.55	0.856832
31.56	0.845543
31.57	0.834169
31.58	0.822712
31.59	0.811173
31.6	0.799552
31.61	0.787852
31.62	0.776072
31.63	0.764216
31.64	0.752282
31.65	0.740274
31.66	0.728191
31.67	0.716036
31.68	0.703809
31.69	0.691512
31.7	0.679145
31.71	0.666711
31.72	0.65421
31.73	0.641644
31.74	0.629013
31.75	0.616319
31.76	0.603564
31.77	0.590749
31.78	0.577874
31.79	0.564942
31.8	0.551953
31.81	0.538909
31.82	0.525811
31.83	0.51266
31.84	0.499459
31.85	0.486207
31.86	0.472907
31.87	0.459559
31.88	0.446165
31.89	0.432727
31.9	0.419246
31.91	0.405722
31.92	0.392158
31.93	0.378555
31.94	0.364914
31.95	0.351237
31.96	0.337524
31.97	0.323778
31.98	0.309999
31.99	0.296189
32	0.28235
32.01	0.268482
32.02	0.254588
32.03	0.240668
32.04	0.226724
32.05	0.212757
32.06	0.198769
32.07	0.184761
32.08	0.170735
32.09	0.156692
32.1	0.142633
32.11	0.128559
32.12	0.114473
32.13	0.100376
32.14	0.086268
32.15	0.0721518
32.16	0.0580284
32.17	0.0438991
32.18	0.0297655
32.19	0.0156289
32.2	0.00149069
32.21	0.0126476
32.22	0.0267847
32.23	0.040919
32.24	0.0550493
32.25	0.0691741
32.26	0.0832919
32.27	0.0974015
32.28	0.111501
32.29	0.12559
32.3	0.139666
32.31	0.153728
32.32	0.167775
32.33	0.181805
32.34	0.195816
32.35	0.209809
32.36	0.22378
32.37	0.237729
32.38	0.251654
32.39	0.265553
32.4	0.279427
32.41	0.293272
32.42	0.307088
32.43	0.320873
32.44	0.334627
32.45	0.348346
32.46	0.362031
32.47	0.37568
32.48	0.389291
32.49	0.402863
32.5	0.416395
32.51	0.429886
32.52	0.443333
32.53	0.456736
32.54	0.470093
32.55	0.483403
32.56	0.496665
32.57	0.509878
32.58	0.523039
32.59	0.536148
32.6	0.549203
32.61	0.562204
32.62	0.575148
32.63	0.588035
32.64	0.600862
32.65	0.61363
32.66	0.626337
32.67	0.63898
32.68	0.65156
32.69	0.664075
32.7	0.676523
32.71	0.688904
32.72	0.701216
32.73	0.713457
32.74	0.725628
32.75	0.737725
32.76	0.749749
32.77	0.761698
32.78	0.773571
32.79	0.785367
32.8	0.797084
32.81	0.808721
32.82	0.820277
32.83	0.831751
32.84	0.843142
32.85	0.854449
32.86	0.865671
32.87	0.876805
32.88	0.887852
32.89	0.898811
32.9	0.909679
32.91	0.920457
32.92	0.931142
32.93	0.941734
32.94	0.952232
32.95	0.962635
32.96	0.972942
32.97	0.983151
32.98	0.993262
32.99	1.00327
33	1.01319
33.01	1.023
33.02	1.0327
33.03	1.04231
33.04	1.05181
33.05	1.0612
33.06	1.07049
33.07	1.07967
33.08	1.08875
33.09	1.09771
33.1	1.10657
33.11	1.11531
33.12	1.12395
33.13	1.13247
33.14	1.14087
33.15	1.14917
33.16	1.15735
33.17	1.16541
33.18	1.17335
33.19	1.18118
33.2	1.18889
33.21	1.19648
33.22	1.20396
33.23	1.21131
33.24	1.21854
33.25	1.22565
33.26	1.23263
33.27	1.2395
33.28	1.24624
33.29	1.25285
33.3	1.25934
33.31	1.2657
33.32	1.27194
33.33	1.27805
33.34	1.28403
33.35	1.28988
33.36	1.29561
33.37	1.3012
33.38	1.30667
33.39	1.312
33.4	1.3172
33.41	1.32227
33.42	1.32721
33.43	1.33202
33.44	1.33669
33.45	1.34123
33.46	1.34563
33.47	1.3499
33.48	1.35404
33.49	1.35804
33.5	1.3619
33.51	1.36563
33.52	1.36922
33.53	1.37268
33.54	1.37599
33.55	1.37917
33.56	1.38222
33.57	1.38512
33.58	1.38788
33.59	1.39051
33.6	1.393
33.61	1.39535
33.62	1.39755
33.63	1.39962
33.64	1.40155
33.65	1.40334
33.66	1.40499
33.67	1.40649
33.68	1.40786
33.69	1.40909
33.7	1.41017
33.71	1.41112
33.72	1.41192
33.73	1.41258
33.74	1.4131
33.75	1.41348
33.76	1.41372
33.77	1.41382
33.78	1.41377
33.79	1.41359
33.8	1.41326
33.81	1.41279
33.82	1.41218
33.83	1.41143
33.84	1.41053
33.85	1.4095
33.86	1.40833
33.87	1.40701
33.88	1.40555
33.89	1.40396
33.9	1.40222
33.91	1.40034
33.92	1.39833
33.93	1.39617
33.94	1.39387
33.95	1.39144
33.96	1.38886
33.97	1.38615
33.98	1.38329
33.99	1.3803
34	1.37717
34.01	1.37391
34.02	1.3705
34.03	1.36696
34.04	1.36328
34.05	1.35947
34.06	1.35552
34.07	1.35143
34.08	1.34721
34.09	1.34286
34.1	1.33837
34.11	1.33374
34.12	1.32899
34.13	1.3241
34.14	1.31907
34.15	1.31392
34.16	1.30863
34.17	1.30322
34.18	1.29767
34.19	1.29199
34.2	1.28619
34.21	1.28025
34.22	1.27419
34.23	1.268
34.24	1.26168
34.25	1.25524
34.26	1.24867
34.27	1.24198
34.28	1.23516
34.29	1.22822
34.3	1.22116
34.31	1.21397
34.32	1.20666
34.33	1.19923
34.34	1.19169
34.35	1.18402
34.36	1.17623
34.37	1.16833
34.38	1.16031
34.39	1.15217
34.4	1.14392
34.41	1.13556
34.42	1.12708
34.43	1.11849
34.44	1.10978
34.45	1.10097
34.46	1.09204
34.47	1.08301
34.48	1.07387
34.49	1.06462
34.5	1.05526
34.51	1.0458
34.52	1.03623
34.53	1.02656
34.54	1.01679
34.55	1.00692
34.56	0.99694
34.57	0.986865
34.58	0.976692
34.59	0.966421
34.6	0.956053
34.61	0.94559
34.62	0.935032
34.63	0.924381
34.64	0.913637
34.65	0.902802
34.66	0.891877
34.67	0.880862
34.68	0.86976
34.69	0.85857
34.7	0.847294
34.71	0.835934
34.72	0.82449
34.73	0.812964
34.74	0.801357
34.75	0.789669
34.76	0.777902
34.77	0.766058
34.78	0.754137
34.79	0.74214
34.8	0.73007
34.81	0.717926
34.82	0.705711
34.83	0.693424
34.84	0.681069
34.85	0.668646
34.86	0.656155
34.87	0.643599
34.88	0.630979
34.89	0.618296
34.9	0.60555
34.91	0.592745
34.92	0.579879
34.93	0.566956
34.94	0.553977
34.95	0.540941
34.96	0.527852
34.97	0.51471
34.98	0.501517
34.99	0.488273
35	0.474981
35.01	0.461641
35.02	0.448254
35.03	0.434824
35.04	0.421349
35.05	0.407833
35.06	0.394275
35.07	0.380678
35.08	0.367044
35.09	0.353372
35.1	0.339665
35.11	0.325924
35.12	0.312151
35.13	0.298346
35.14	0.284512
35.15	0.270649
35.16	0.256759
35.17	0.242843
35.18	0.228903
35.19	0.21494
35.2	0.200956
35.21	0.186952
35.22	0.172929
35.23	0.158888
35.24	0.144832
35.25	0.130761
35.26	0.116677
35.27	0.102582
35.28	0.088476
35.29	0.0743614
35.3	0.0602393
35.31	0.0461113
35.32	0.0319786
35.33	0.0178427
35.34	0.00370507
35.35	0.0104329
35.36	0.0245699
35.37	0.0387044
35.38	0.0528351
35.39	0.0669604
35.4	0.0810791
35.41	0.0951896
35.42	0.109291
35.43	0.123381
35.44	0.137459
35.45	0.151523
35.46	0.165571
35.47	0.179604
35.48	0.193618
35.49	0.207613
35.5	0.221587
35.51	0.235539
35.52	0.249468
35.53	0.263371
35.54	0.277248
35.55	0.291098
35.56	0.304918
35.57	0.318708
35.58	0.332466
35.59	0.346191
35.6	0.359881
35.61	0.373535
35.62	0.387152
35.63	0.40073
35.64	0.414268
35.65	0.427764
35.66	0.441218
35.67	0.454628
35.68	0.467992
35.69	0.481309
35.7	0.494579
35.71	0.507798
35.72	0.520967
35.73	0.534084
35.74	0.547148
35.75	0.560157
35.76	0.573109
35.77	0.586005
35.78	0.598842
35.79	0.611619
35.8	0.624334
35.81	0.636988
35.82	0.649577
35.83	0.662102
35.84	0.67456
35.85	0.686952
35.86	0.699274
35.87	0.711526
35.88	0.723707
35.89	0.735816
35.9	0.747852
35.91	0.759812
35.92	0.771697
35.93	0.783504
35.94	0.795233
35.95	0.806882
35.96	0.818451
35.97	0.829938
35.98	0.841342
35.99	0.852662
36	0.863896
36.01	0.875044
36.02	0.886105
36.03	0.897077
36.04	0.907959
36.05	0.918751
36.06	0.92945
36.07	0.940057
36.08	0.95057
36.09	0.960987
36.1	0.971309
36.11	0.981533
36.12	0.991659
36.13	1.00169
36.14	1.01161
36.15	1.02144
36.16	1.03116
36.17	1.04078
36.18	1.0503
36.19	1.05971
36.2	1.06902
36.21	1.07821
36.22	1.08731
36.23	1.09629
36.24	1.10516
36.25	1.11392
36.26	1.12257
36.27	1.13111
36.28	1.13953
36.29	1.14785
36.3	1.15604
36.31	1.16412
36.32	1.17209
36.33	1.17993
36.34	1.18766
36.35	1.19527
36.36	1.20276
36.37	1.21013
36.38	1.21738
36.39	1.22451
36.4	1.23152
36.41	1.2384
36.42	1.24516
36.43	1.25179
36.44	1.2583
36.45	1.26468
36.46	1.27094
36.47	1.27707
36.48	1.28307
36.49	1.28894
36.5	1.29469
36.51	1.3003
36.52	1.30578
36.53	1.31114
36.54	1.31636
36.55	1.32145
36.56	1.32641
36.57	1.33124
36.58	1.33593
36.59	1.34049
36.6	1.34492
36.61	1.34921
36.62	1.35337
36.63	1.35739
36.64	1.36127
36.65	1.36502
36.66	1.36863
36.67	1.37211
36.68	1.37545
36.69	1.37865
36.7	1.38171
36.71	1.38464
36.72	1.38742
36.73	1.39007
36.74	1.39258
36.75	1.39495
36.76	1.39718
36.77	1.39927
36.78	1.40122
36.79	1.40303
36.8	1.4047
36.81	1.40623
36.82	1.40762
36.83	1.40887
36.84	1.40998
36.85	1.41094
36.86	1.41177
36.87	1.41245
36.88	1.41299
36.89	1.41339
36.9	1.41365
36.91	1.41377
36.92	1.41375
36.93	1.41359
36.94	1.41328
36.95	1.41283
36.96	1.41225
36.97	1.41152
36.98	1.41065
36.99	1.40964
37	1.40848
37.01	1.40719
37.02	1.40576
37.03	1.40418
37.04	1.40247
37.05	1.40061
37.06	1.39862
37.07	1.39648
37.08	1.39421
37.09	1.39179
37.1	1.38924
37.11	1.38655
37.12	1.38371
37.13	1.38075
37.14	1.37764
37.15	1.37439
37.16	1.37101
37.17	1.36749
37.18	1.36383
37.19	1.36004
37.2	1.35611
37.21	1.35205
37.22	1.34785
37.23	1.34351
37.24	1.33904
37.25	1.33444
37.26	1.32971
37.27	1.32484
37.28	1.31983
37.29	1.3147
37.3	1.30944
37.31	1.30404
37.32	1.29851
37.33	1.29286
37.34	1.28707
37.35	1.28116
37.36	1.27511
37.37	1.26894
37.38	1.26265
37.39	1.25622
37.4	1.24968
37.41	1.243
37.42	1.2362
37.43	1.22928
37.44	1.22224
37.45	1.21507
37.46	1.20778
37.47	1.20037
37.48	1.19284
37.49	1.1852
37.5	1.17743
37.51	1.16955
37.52	1.16154
37.53	1.15343
37.54	1.14519
37.55	1.13685
37.56	1.12838
37.57	1.11981
37.58	1.11112
37.59	1.10233
37.6	1.09342
37.61	1.0844
37.62	1.07528
37.63	1.06604
37.64	1.0567
37.65	1.04726
37.66	1.03771
37.67	1.02806
37.68	1.0183
37.69	1.00844
37.7	0.998483
37.71	0.988424
37.72	0.978267
37.73	0.968011
37.74	0.957659
37.75	0.947211
37.76	0.936668
37.77	0.926031
37.78	0.915302
37.79	0.904482
37.8	0.893571
37.81	0.88257
37.82	0.871482
37.83	0.860306
37.84	0.849044
37.85	0.837697
37.86	0.826267
37.87	0.814754
37.88	0.803159
37.89	0.791484
37.9	0.77973
37.91	0.767898
37.92	0.755989
37.93	0.744005
37.94	0.731946
37.95	0.719814
37.96	0.70761
37.97	0.695335
37.98	0.682991
37.99	0.670578
38	0.658099
38.01	0.645553
38.02	0.632943
38.03	0.62027
38.04	0.607535
38.05	0.594739
38.06	0.581883
38.07	0.568969
38.08	0.555999
38.09	0.542973
38.1	0.529892
38.11	0.516759
38.12	0.503573
38.13	0.490338
38.14	0.477053
38.15	0.463721
38.16	0.450342
38.17	0.436919
38.18	0.423451
38.19	0.409942
38.2	0.396391
38.21	0.382801
38.22	0.369172
38.23	0.355507
38.24	0.341805
38.25	0.32807
38.26	0.314302
38.27	0.300503
38.28	0.286673
38.29	0.272815
38.3	0.258929
38.31	0.245018
38.32	0.231082
38.33	0.217123
38.34	0.203143
38.35	0.189142
38.36	0.175122
38.37	0.161084
38.38	0.147031
38.39	0.132962
38.4	0.118881
38.41	0.104787
38.42	0.0906836
38.43	0.0765707
38.44	0.0624501
38.45	0.0483232
38.46	0.0341915
38.47	0.0200564
38.48	0.00591933
38.49	0.00821836
38.5	0.0223552
38.51	0.0364899
38.52	0.0506208
38.53	0.0647467
38.54	0.0788662
38.55	0.0929777
38.56	0.10708
38.57	0.121171
38.58	0.135251
38.59	0.149317
38.6	0.163368
38.61	0.177402
38.62	0.191419
38.63	0.205417
38.64	0.219394
38.65	0.233349
38.66	0.247281
38.67	0.261188
38.68	0.27507
38.69	0.288923
38.7	0.302748
38.71	0.316542
38.72	0.330305
38.73	0.344034
38.74	0.35773
38.75	0.371389
38.76	0.385012
38.77	0.398595
38.78	0.412139
38.79	0.425642
38.8	0.439102
38.81	0.452519
38.82	0.46589
38.83	0.479214
38.84	0.492491
38.85	0.505718
38.86	0.518895
38.87	0.532019
38.88	0.545091
38.89	0.558108
38.9	0.571069
38.91	0.583974
38.92	0.596819
38.93	0.609605
38.94	0.622331
38.95	0.634993
38.96	0.647593
38.97	0.660127
38.98	0.672596
38.99	0.684997
39	0.69733
39.01	0.709593
39.02	0.721786
39.03	0.733905
39.04	0.745952
39.05	0.757924
39.06	0.76982
39.07	0.781639
39.08	0.79338
39.09	0.805042
39.1	0.816623
39.11	0.828123
39.12	0.839539
39.13	0.850872
39.14	0.86212
39.15	0.873281
39.16	0.884355
39.17	0.895341
39.18	0.906237
39.19	0.917043
39.2	0.927756
39.21	0.938378
39.22	0.948905
39.23	0.959337
39.24	0.969673
39.25	0.979913
39.26	0.990054
39.27	1.0001
39.28	1.01004
39.29	1.01988
39.3	1.02962
39.31	1.03926
39.32	1.04879
39.33	1.05822
39.34	1.06754
39.35	1.07675
39.36	1.08586
39.37	1.09486
39.38	1.10375
39.39	1.11253
39.4	1.12119
39.41	1.12975
39.42	1.13819
39.43	1.14652
39.44	1.15474
39.45	1.16283
39.46	1.17082
39.47	1.17868
39.48	1.18643
39.49	1.19406
39.5	1.20157
39.51	1.20896
39.52	1.21622
39.53	1.22337
39.54	1.2304
39.55	1.2373
39.56	1.24407
39.57	1.25073
39.58	1.25725
39.59	1.26366
39.6	1.26993
39.61	1.27608
39.62	1.2821
39.63	1.288
39.64	1.29376
39.65	1.2994
39.66	1.3049
39.67	1.31027
39.68	1.31552
39.69	1.32063
39.7	1.32561
39.71	1.33046
39.72	1.33517
39.73	1.33975
39.74	1.3442
39.75	1.34851
39.76	1.35269
39.77	1.35673
39.78	1.36064
39.79	1.36441
39.8	1.36804
39.81	1.37154
39.82	1.3749
39.83	1.37812
39.84	1.38121
39.85	1.38415
39.86	1.38696
39.87	1.38963
39.88	1.39216
39.89	1.39455
39.9	1.3968
39.91	1.39892
39.92	1.40089
39.93	1.40272
39.94	1.40441
39.95	1.40596
39.96	1.40738
39.97	1.40865
39.98	1.40977
39.99	1.41076
40	1.41161
40.01	1.41232
40.02	1.41288
40.03	1.4133
40.04	1.41359
40.05	1.41373
40.06	1.41373
40.07	1.41359
40.08	1.4133
40.09	1.41288
40.1	1.41231
40.11	1.4116
40.12	1.41076
40.13	1.40977
40.14	1.40864
40.15	1.40737
40.16	1.40595
40.17	1.4044
40.18	1.40271
40.19	1.40087
40.2	1.3989
40.21	1.39679
40.22	1.39453
40.23	1.39214
40.24	1.38961
40.25	1.38694
40.26	1.38413
40.27	1.38118
40.28	1.3781
40.29	1.37487
40.3	1.37151
40.31	1.36801
40.32	1.36438
40.33	1.36061
40.34	1.3567
40.35	1.35266
40.36	1.34848
40.37	1.34417
40.38	1.33972
40.39	1.33514
40.4	1.33042
40.41	1.32557
40.42	1.32059
40.43	1.31548
40.44	1.31023
40.45	1.30486
40.46	1.29935
40.47	1.29372
40.48	1.28795
40.49	1.28206
40.5	1.27604
40.51	1.26989
40.52	1.26361
40.53	1.25721
40.54	1.25068
40.55	1.24402
40.56	1.23724
40.57	1.23034
40.58	1.22332
40.59	1.21617
40.6	1.2089
40.61	1.20151
40.62	1.194
40.63	1.18637
40.64	1.17862
40.65	1.17076
40.66	1.16277
40.67	1.15467
40.68	1.14646
40.69	1.13813
40.7	1.12969
40.71	1.12113
40.72	1.11246
40.73	1.10368
40.74	1.09479
40.75	1.08579
40.76	1.07669
40.77	1.06747
40.78	1.05815
40.79	1.04872
40.8	1.03919
40.81	1.02955
40.82	1.01981
40.83	1.00997
40.84	1.00002
40.85	0.989981
40.86	0.979839
40.87	0.969599
40.88	0.959262
40.89	0.948829
40.9	0.938301
40.91	0.927679
40.92	0.916965
40.93	0.906159
40.94	0.895262
40.95	0.884276
40.96	0.873202
40.97	0.86204
40.98	0.850792
40.99	0.839458
41	0.828041
41.01	0.816541
41.02	0.80496
41.03	0.793297
41.04	0.781556
41.05	0.769736
41.06	0.75784
41.07	0.745868
41.08	0.733821
41.09	0.7217
41.1	0.709508
41.11	0.697244
41.12	0.684911
41.13	0.67251
41.14	0.660041
41.15	0.647506
41.16	0.634906
41.17	0.622243
41.18	0.609518
41.19	0.596731
41.2	0.583885
41.21	0.570981
41.22	0.55802
41.23	0.545002
41.24	0.531931
41.25	0.518806
41.26	0.505629
41.27	0.492401
41.28	0.479125
41.29	0.4658
41.3	0.452429
41.31	0.439013
41.32	0.425553
41.33	0.41205
41.34	0.398506
41.35	0.384922
41.36	0.371299
41.37	0.35764
41.38	0.343945
41.39	0.330215
41.4	0.316452
41.41	0.302658
41.42	0.288834
41.43	0.27498
41.44	0.261099
41.45	0.247192
41.46	0.23326
41.47	0.219305
41.48	0.205328
41.49	0.191331
41.5	0.177314
41.51	0.16328
41.52	0.149229
41.53	0.135163
41.54	0.121084
41.55	0.106993
41.56	0.0928909
41.57	0.0787796
41.58	0.0646605
41.59	0.0505349
41.6	0.0364043
41.61	0.02227
41.62	0.00813346
41.63	0.00600387
41.64	0.0201406
41.65	0.0342753
41.66	0.0484066
41.67	0.062533
41.68	0.0766532
41.69	0.0907657
41.7	0.104869
41.71	0.118962
41.72	0.133043
41.73	0.147111
41.74	0.161164
41.75	0.175201
41.76	0.18922
41.77	0.203221
41.78	0.217201
41.79	0.231159
41.8	0.245094
41.81	0.259005
41.82	0.27289
41.83	0.286748
41.84	0.300577
41.85	0.314375
41.86	0.328143
41.87	0.341877
41.88	0.355578
41.89	0.369243
41.9	0.38287
41.91	0.39646
41.92	0.41001
41.93	0.423519
41.94	0.436986
41.95	0.450409
41.96	0.463786
41.97	0.477118
41.98	0.490402
41.99	0.503636
42	0.516821
42.01	0.529953
42.02	0.543033
42.03	0.556059
42.04	0.569028
42.05	0.581941
42.06	0.594796
42.07	0.607591
42.08	0.620325
42.09	0.632998
42.1	0.645607
42.11	0.658151
42.12	0.67063
42.13	0.683042
42.14	0.695385
42.15	0.707659
42.16	0.719862
42.17	0.731993
42.18	0.744051
42.19	0.756034
42.2	0.767942
42.21	0.779773
42.22	0.791526
42.23	0.8032
42.24	0.814793
42.25	0.826306
42.26	0.837735
42.27	0.849081
42.28	0.860341
42.29	0.871516
42.3	0.882604
42.31	0.893603
42.32	0.904513
42.33	0.915332
42.34	0.92606
42.35	0.936696
42.36	0.947237
42.37	0.957684
42.38	0.968036
42.39	0.97829
42.4	0.988446
42.41	0.998504
42.42	1.00846
42.43	1.01832
42.44	1.02807
42.45	1.03773
42.46	1.04728
42.47	1.05672
42.48	1.06606
42.49	1.07529
42.5	1.08441
42.51	1.09343
42.52	1.10233
42.53	1.11113
42.54	1.11982
42.55	1.12839
42.56	1.13685
42.57	1.14519
42.58	1.15343
42.59	1.16154
42.6	1.16954
42.61	1.17743
42.62	1.18519
42.63	1.19284
42.64	1.20037
42.65	1.20778
42.66	1.21506
42.67	1.22223
42.68	1.22927
42.69	1.23619
42.7	1.24299
42.71	1.24966
42.72	1.25621
42.73	1.26263
42.74	1.26893
42.75	1.27509
42.76	1.28114
42.77	1.28705
42.78	1.29283
42.79	1.29849
42.8	1.30401
42.81	1.30941
42.82	1.31467
42.83	1.3198
42.84	1.3248
42.85	1.32967
42.86	1.33441
42.87	1.33901
42.88	1.34348
42.89	1.34781
42.9	1.35201
42.91	1.35607
42.92	1.36
42.93	1.36379
42.94	1.36745
42.95	1.37096
42.96	1.37435
42.97	1.37759
42.98	1.3807
42.99	1.38366
43	1.38649
43.01	1.38919
43.02	1.39174
43.03	1.39415
43.04	1.39642
43.05	1.39856
43.06	1.40055
43.07	1.40241
43.08	1.40412
43.09	1.40569
43.1	1.40713
43.11	1.40842
43.12	1.40957
43.13	1.41058
43.14	1.41145
43.15	1.41218
43.16	1.41277
43.17	1.41321
43.18	1.41352
43.19	1.41368
43.2	1.4137
43.21	1.41358
43.22	1.41332
43.23	1.41292
43.24	1.41237
43.25	1.41169
43.26	1.41086
43.27	1.40989
43.28	1.40879
43.29	1.40754
43.3	1.40615
43.31	1.40462
43.32	1.40295
43.33	1.40113
43.34	1.39918
43.35	1.39709
43.36	1.39486
43.37	1.39249
43.38	1.38998
43.39	1.38733
43.4	1.38454
43.41	1.38162
43.42	1.37855
43.43	1.37535
43.44	1.37201
43.45	1.36854
43.46	1.36492
43.47	1.36117
43.48	1.35729
43.49	1.35326
43.5	1.34911
43.51	1.34482
43.52	1.34039
43.53	1.33583
43.54	1.33113
43.55	1.32631
43.56	1.32135
43.57	1.31625
43.58	1.31103
43.59	1.30568
43.6	1.30019
43.61	1.29458
43.62	1.28883
43.63	1.28296
43.64	1.27695
43.65	1.27082
43.66	1.26457
43.67	1.25818
43.68	1.25168
43.69	1.24504
43.7	1.23828
43.71	1.2314
43.72	1.22439
43.73	1.21727
43.74	1.21002
43.75	1.20265
43.76	1.19515
43.77	1.18754
43.78	1.17981
43.79	1.17197
43.8	1.164
43.81	1.15592
43.82	1.14772
43.83	1.13941
43.84	1.13099
43.85	1.12245
43.86	1.1138
43.87	1.10504
43.88	1.09616
43.89	1.08718
43.9	1.07809
43.91	1.06889
43.92	1.05959
43.93	1.05018
43.94	1.04066
43.95	1.03104
43.96	1.02131
43.97	1.01149
43.98	1.00156
43.99	0.991534
44	0.981408
44.01	0.971184
44.02	0.960862
44.03	0.950444
44.04	0.939932
44.05	0.929325
44.06	0.918625
44.07	0.907834
44.08	0.896952
44.09	0.88598
44.1	0.874919
44.11	0.863771
44.12	0.852537
44.13	0.841217
44.14	0.829813
44.15	0.818327
44.16	0.806758
44.17	0.795109
44.18	0.78338
44.19	0.771573
44.2	0.759689
44.21	0.747728
44.22	0.735693
44.23	0.723585
44.24	0.711404
44.25	0.699152
44.26	0.68683
44.27	0.674439
44.28	0.661981
44.29	0.649457
44.3	0.636867
44.31	0.624214
44.32	0.611499
44.33	0.598722
44.34	0.585886
44.35	0.572991
44.36	0.560039
44.37	0.547031
44.38	0.533968
44.39	0.520851
44.4	0.507683
44.41	0.494464
44.42	0.481195
44.43	0.467878
44.44	0.454515
44.45	0.441106
44.46	0.427652
44.47	0.414157
44.48	0.400619
44.49	0.387042
44.5	0.373426
44.51	0.359773
44.52	0.346083
44.53	0.332359
44.54	0.318602
44.55	0.304813
44.56	0.290993
44.57	0.277145
44.58	0.263268
44.59	0.249366
44.6	0.235438
44.61	0.221487
44.62	0.207514
44.63	0.193519
44.64	0.179506
44.65	0.165475
44.66	0.151427
44.67	0.137364
44.68	0.123287
44.69	0.109198
44.7	0.0950978
44.71	0.0809883
44.72	0.0668707
44.73	0.0527464
44.74	0.0386168
44.75	0.0244833
44.76	0.0103474
44.77	0.00378947
44.78	0.017926
44.79	0.0320608
44.8	0.0461923
44.81	0.0603192
44.82	0.0744401
44.83	0.0885535
44.84	0.102658
44.85	0.116752
44.86	0.130835
44.87	0.144905
44.88	0.15896
44.89	0.172999
44.9	0.187021
44.91	0.201024
44.92	0.215007
44.93	0.228968
44.94	0.242907
44.95	0.256821
44.96	0.27071
44.97	0.284572
44.98	0.298405
44.99	0.312208
45	0.32598
45.01	0.33972
45.02	0.353425
45.03	0.367095
45.04	0.380729
45.05	0.394324
45.06	0.40788
45.07	0.421395
45.08	0.434868
45.09	0.448297
45.1	0.461682
45.11	0.475021
45.12	0.488312
45.13	0.501554
45.14	0.514746
45.15	0.527886
45.16	0.540974
45.17	0.554008
45.18	0.566986
45.19	0.579907
45.2	0.592771
45.21	0.605575
45.22	0.618319
45.23	0.631001
45.24	0.643619
45.25	0.656174
45.26	0.668663
45.27	0.681085
45.28	0.693438
45.29	0.705723
45.3	0.717937
45.31	0.730079
45.32	0.742148
45.33	0.754143
45.34	0.766062
45.35	0.777905
45.36	0.78967
45.37	0.801356
45.38	0.812962
45.39	0.824486
45.4	0.835929
45.41	0.847287
45.42	0.858561
45.43	0.869749
45.44	0.88085
45.45	0.891863
45.46	0.902787
45.47	0.91362
45.48	0.924362
45.49	0.935012
45.5	0.945568
45.51	0.95603
45.52	0.966396
45.53	0.976665
45.54	0.986837
45.55	0.996909
45.56	1.00688
45.57	1.01676
45.58	1.02653
45.59	1.03619
45.6	1.04576
45.61	1.05522
45.62	1.06457
45.63	1.07382
45.64	1.08296
45.65	1.09199
45.66	1.10092
45.67	1.10973
45.68	1.11843
45.69	1.12702
45.7	1.1355
45.71	1.14387
45.72	1.15211
45.73	1.16025
45.74	1.16827
45.75	1.17617
45.76	1.18395
45.77	1.19162
45.78	1.19917
45.79	1.20659
45.8	1.2139
45.81	1.22108
45.82	1.22814
45.83	1.23508
45.84	1.2419
45.85	1.24859
45.86	1.25516
45.87	1.2616
45.88	1.26791
45.89	1.2741
45.9	1.28016
45.91	1.2861
45.92	1.2919
45.93	1.29758
45.94	1.30312
45.95	1.30854
45.96	1.31382
45.97	1.31897
45.98	1.324
45.99	1.32888
46	1.33364
46.01	1.33826
46.02	1.34275
46.03	1.3471
46.04	1.35132
46.05	1.35541
46.06	1.35936
46.07	1.36317
46.08	1.36685
46.09	1.37039
46.1	1.37379
46.11	1.37706
46.12	1.38018
46.13	1.38317
46.14	1.38602
46.15	1.38874
46.16	1.39131
46.17	1.39375
46.18	1.39604
46.19	1.3982
46.2	1.40021
46.21	1.40209
46.22	1.40383
46.23	1.40542
46.24	1.40688
46.25	1.40819
46.26	1.40936
46.27	1.4104
46.28	1.41129
46.29	1.41204
46.3	1.41265
46.31	1.41311
46.32	1.41344
46.33	1.41363
46.34	1.41367
46.35	1.41357
46.36	1.41333
46.37	1.41295
46.38	1.41243
46.39	1.41177
46.4	1.41096
46.41	1.41002
46.42	1.40893
46.43	1.40771
46.44	1.40634
46.45	1.40483
46.46	1.40318
46.47	1.40139
46.48	1.39946
46.49	1.39739
46.5	1.39518
46.51	1.39283
46.52	1.39035
46.53	1.38772
46.54	1.38495
46.55	1.38205
46.56	1.37901
46.57	1.37583
46.58	1.37251
46.59	1.36905
46.6	1.36546
46.61	1.36173
46.62	1.35787
46.63	1.35387
46.64	1.34973
46.65	1.34546
46.66	1.34106
46.67	1.33652
46.68	1.33184
46.69	1.32704
46.7	1.3221
46.71	1.31703
46.72	1.31182
46.73	1.30649
46.74	1.30102
46.75	1.29543
46.76	1.28971
46.77	1.28385
46.78	1.27787
46.79	1.27176
46.8	1.26552
46.81	1.25916
46.82	1.25267
46.83	1.24606
46.84	1.23932
46.85	1.23245
46.86	1.22547
46.87	1.21836
46.88	1.21113
46.89	1.20378
46.9	1.1963
46.91	1.18871
46.92	1.181
46.93	1.17317
46.94	1.16523
46.95	1.15716
46.96	1.14899
46.97	1.14069
46.98	1.13229
46.99	1.12376
47	1.11513
47.01	1.10639
47.02	1.09753
47.03	1.08857
47.04	1.07949
47.05	1.07031
47.06	1.06102
47.07	1.05163
47.08	1.04213
47.09	1.03252
47.1	1.02282
47.11	1.01301
47.12	1.0031
47.13	0.993086
47.14	0.982975
47.15	0.972766
47.16	0.96246
47.17	0.952058
47.18	0.94156
47.19	0.930968
47.2	0.920283
47.21	0.909507
47.22	0.898639
47.23	0.887681
47.24	0.876635
47.25	0.865501
47.26	0.85428
47.27	0.842974
47.28	0.831583
47.29	0.82011
47.3	0.808554
47.31	0.796918
47.32	0.785202
47.33	0.773407
47.34	0.761535
47.35	0.749587
47.36	0.737564
47.37	0.725467
47.38	0.713298
47.39	0.701057
47.4	0.688746
47.41	0.676367
47.42	0.663919
47.43	0.651406
47.44	0.638827
47.45	0.626184
47.46	0.613479
47.47	0.600712
47.48	0.587885
47.49	0.575
47.5	0.562057
47.51	0.549057
47.52	0.536003
47.53	0.522896
47.54	0.509736
47.55	0.496525
47.56	0.483264
47.57	0.469955
47.58	0.456599
47.59	0.443197
47.6	0.429751
47.61	0.416262
47.62	0.402732
47.63	0.389161
47.64	0.375551
47.65	0.361904
47.66	0.348221
47.67	0.334502
47.68	0.32075
47.69	0.306967
47.7	0.293152
47.71	0.279308
47.72	0.265437
47.73	0.251538
47.74	0.237615
47.75	0.223668
47.76	0.209698
47.77	0.195708
47.78	0.181697
47.79	0.167669
47.8	0.153624
47.81	0.139564
47.82	0.125489
47.83	0.111402
47.84	0.0973044
47.85	0.0831966
47.86	0.0690806
47.87	0.0549576
47.88	0.0408291
47.89	0.0266965
47.9	0.0125613
47.91	0.00157519
47.92	0.0157115
47.93	0.0298463
47.94	0.043978
47.95	0.0581054
47.96	0.0722269
47.97	0.0863413
47.98	0.100447
47.99	0.114543
48	0.128627
48.01	0.142698
48.02	0.156755
48.03	0.170797
48.04	0.184821
48.05	0.198827
48.06	0.212813
48.07	0.226777
48.08	0.240719
48.09	0.254637
48.1	0.268529
48.11	0.282395
48.12	0.296232
48.13	0.31004
48.14	0.323817
48.15	0.337561
48.16	0.351272
48.17	0.364947
48.18	0.378586
48.19	0.392187
48.2	0.405749
48.21	0.41927
48.22	0.432749
48.23	0.446185
48.24	0.459577
48.25	0.472922
48.26	0.48622
48.27	0.49947
48.28	0.51267
48.29	0.525818
48.3	0.538914
48.31	0.551955
48.32	0.564942
48.33	0.577872
48.34	0.590745
48.35	0.603558
48.36	0.616311
48.37	0.629002
48.38	0.641631
48.39	0.654195
48.4	0.666694
48.41	0.679126
48.42	0.69149
48.43	0.703785
48.44	0.71601
48.45	0.728163
48.46	0.740243
48.47	0.752249
48.48	0.76418
48.49	0.776035
48.5	0.787812
48.51	0.79951
48.52	0.811128
48.53	0.822665
48.54	0.83412
48.55	0.845492
48.56	0.856779
48.57	0.86798
48.58	0.879094
48.59	0.890121
48.6	0.901058
48.61	0.911906
48.62	0.922662
48.63	0.933326
48.64	0.943896
48.65	0.954372
48.66	0.964753
48.67	0.975037
48.68	0.985224
48.69	0.995312
48.7	1.0053
48.71	1.01519
48.72	1.02498
48.73	1.03466
48.74	1.04424
48.75	1.05372
48.76	1.06309
48.77	1.07235
48.78	1.08151
48.79	1.09056
48.8	1.0995
48.81	1.10833
48.82	1.11705
48.83	1.12566
48.84	1.13415
48.85	1.14253
48.86	1.1508
48.87	1.15895
48.88	1.16699
48.89	1.17491
48.9	1.18271
48.91	1.19039
48.92	1.19796
48.93	1.2054
48.94	1.21273
48.95	1.21993
48.96	1.22701
48.97	1.23397
48.98	1.24081
48.99	1.24752
49	1.25411
49.01	1.26057
49.02	1.2669
49.03	1.27311
49.04	1.27919
49.05	1.28514
49.06	1.29097
49.07	1.29666
49.08	1.30223
49.09	1.30766
49.1	1.31297
49.11	1.31814
49.12	1.32318
49.13	1.32809
49.14	1.33287
49.15	1.33751
49.16	1.34202
49.17	1.3464
49.18	1.35064
49.19	1.35474
49.2	1.35871
49.21	1.36255
49.22	1.36624
49.23	1.36981
49.24	1.37323
49.25	1.37652
49.26	1.37967
49.27	1.38268
49.28	1.38555
49.29	1.38829
49.3	1.39088
49.31	1.39334
49.32	1.39565
49.33	1.39783
49.34	1.39987
49.35	1.40177
49.36	1.40353
49.37	1.40514
49.38	1.40662
49.39	1.40796
49.4	1.40915
49.41	1.41021
49.42	1.41112
49.43	1.41189
49.44	1.41252
49.45	1.41301
49.46	1.41336
49.47	1.41357
49.48	1.41363
49.49	1.41356
49.5	1.41334
49.51	1.41298
49.52	1.41248
49.53	1.41184
49.54	1.41106
49.55	1.41014
49.56	1.40907
49.57	1.40787
49.58	1.40652
49.59	1.40504
49.6	1.40341
49.61	1.40164
49.62	1.39974
49.63	1.39769
49.64	1.3955
49.65	1.39318
49.66	1.39071
49.67	1.3881
49.68	1.38536
49.69	1.38248
49.7	1.37946
49.71	1.3763
49.72	1.373
49.73	1.36957
49.74	1.366
49.75	1.36229
49.76	1.35845
49.77	1.35447
49.78	1.35035
49.79	1.3461
49.8	1.34172
49.81	1.3372
49.82	1.33255
49.83	1.32776
49.84	1.32285
49.85	1.3178
49.86	1.31261
49.87	1.3073
49.88	1.30186
49.89	1.29628
49.9	1.29058
49.91	1.28474
49.92	1.27878
49.93	1.27269
49.94	1.26648
49.95	1.26013
49.96	1.25366
49.97	1.24707
49.98	1.24035
49.99	1.23351
50	1.22654
50.01	1.21945
50.02	1.21224
50.03	1.2049
50.04	1.19745
50.05	1.18988
50.06	1.18219
50.07	1.17438
50.08	1.16645
50.09	1.1584
50.1	1.15024
50.11	1.14197
50.12	1.13358
50.13	1.12508
50.14	1.11646
50.15	1.10774
50.16	1.0989
50.17	1.08995
50.18	1.08089
50.19	1.07173
50.2	1.06246
50.21	1.05308
50.22	1.0436
50.23	1.03401
50.24	1.02432
50.25	1.01452
50.26	1.00463
50.27	0.994634
50.28	0.98454
50.29	0.974346
50.3	0.964056
50.31	0.953669
50.32	0.943186
50.33	0.932609
50.34	0.921939
50.35	0.911177
50.36	0.900324
50.37	0.88938
50.38	0.878348
50.39	0.867228
50.4	0.856021
50.41	0.844728
50.42	0.833351
50.43	0.821891
50.44	0.810348
50.45	0.798725
50.46	0.787022
50.47	0.775239
50.48	0.76338
50.49	0.751444
50.5	0.739433
50.51	0.727348
50.52	0.71519
50.53	0.702961
50.54	0.690661
50.55	0.678292
50.56	0.665856
50.57	0.653353
50.58	0.640785
50.59	0.628152
50.6	0.615457
50.61	0.6027
50.62	0.589883
50.63	0.577007
50.64	0.564073
50.65	0.551083
50.66	0.538038
50.67	0.524938
50.68	0.511787
50.69	0.498584
50.7	0.485331
50.71	0.47203
50.72	0.458682
50.73	0.445288
50.74	0.431849
50.75	0.418367
50.76	0.404843
50.77	0.391279
50.78	0.377676
50.79	0.364035
50.8	0.350357
50.81	0.336644
50.82	0.322898
50.83	0.30912
50.84	0.29531
50.85	0.281471
50.86	0.267604
50.87	0.25371
50.88	0.239791
50.89	0.225848
50.9	0.211882
50.91	0.197895
50.92	0.183888
50.93	0.169863
50.94	0.155821
50.95	0.141763
50.96	0.127691
50.97	0.113607
50.98	0.0995107
50.99	0.0854047
51	0.0712902
51.01	0.0571685
51.02	0.0430412
51.03	0.0289095
51.04	0.014775
51.05	0.000638988
51.06	0.0134971
51.07	0.0276318
51.08	0.0417638
51.09	0.0558915
51.1	0.0700137
51.11	0.0841289
51.12	0.0982357
51.13	0.112333
51.14	0.126418
51.15	0.140491
51.16	0.15455
51.17	0.168594
51.18	0.182621
51.19	0.196629
51.2	0.210618
51.21	0.224586
51.22	0.238531
51.23	0.252452
51.24	0.266348
51.25	0.280218
51.26	0.294059
51.27	0.307871
51.28	0.321653
51.29	0.335402
51.3	0.349117
51.31	0.362798
51.32	0.376442
51.33	0.390049
51.34	0.403617
51.35	0.417144
51.36	0.43063
51.37	0.444072
51.38	0.45747
51.39	0.470823
51.4	0.484128
51.41	0.497385
51.42	0.510592
51.43	0.523748
51.44	0.536852
51.45	0.549902
51.46	0.562897
51.47	0.575836
51.48	0.588717
51.49	0.601539
51.5	0.614301
51.51	0.627002
51.52	0.63964
51.53	0.652214
51.54	0.664723
51.55	0.677165
51.56	0.68954
51.57	0.701846
51.58	0.714081
51.59	0.726245
51.6	0.738337
51.61	0.750354
51.62	0.762297
51.63	0.774163
51.64	0.785952
51.65	0.797662
51.66	0.809293
51.67	0.820842
51.68	0.83231
51.69	0.843694
51.7	0.854994
51.71	0.866209
51.72	0.877336
51.73	0.888376
51.74	0.899328
51.75	0.910189
51.76	0.920959
51.77	0.931637
51.78	0.942222
51.79	0.952713
51.8	0.963109
51.81	0.973408
51.82	0.98361
51.83	0.993713
51.84	1.00372
51.85	1.01362
51.86	1.02342
51.87	1.03312
51.88	1.04272
51.89	1.05221
51.9	1.0616
51.91	1.07088
51.92	1.08005
51.93	1.08912
51.94	1.09808
51.95	1.10692
51.96	1.11566
51.97	1.12429
51.98	1.1328
51.99	1.1412
52	1.14948
52.01	1.15765
52.02	1.16571
52.03	1.17365
52.04	1.18147
52.05	1.18917
52.06	1.19675
52.07	1.20422
52.08	1.21156
52.09	1.21878
52.1	1.22588
52.11	1.23286
52.12	1.23971
52.13	1.24644
52.14	1.25305
52.15	1.25953
52.16	1.26588
52.17	1.27211
52.18	1.27821
52.19	1.28419
52.2	1.29003
52.21	1.29575
52.22	1.30133
52.23	1.30679
52.24	1.31211
52.25	1.31731
52.26	1.32237
52.27	1.3273
52.28	1.3321
52.29	1.33676
52.3	1.34129
52.31	1.34569
52.32	1.34995
52.33	1.35407
52.34	1.35806
52.35	1.36192
52.36	1.36564
52.37	1.36922
52.38	1.37267
52.39	1.37598
52.4	1.37915
52.41	1.38218
52.42	1.38507
52.43	1.38783
52.44	1.39045
52.45	1.39293
52.46	1.39526
52.47	1.39746
52.48	1.39952
52.49	1.40144
52.5	1.40322
52.51	1.40486
52.52	1.40636
52.53	1.40772
52.54	1.40894
52.55	1.41001
52.56	1.41095
52.57	1.41174
52.58	1.4124
52.59	1.41291
52.6	1.41328
52.61	1.41351
52.62	1.4136
52.63	1.41354
52.64	1.41335
52.65	1.41301
52.66	1.41254
52.67	1.41192
52.68	1.41116
52.69	1.41026
52.7	1.40921
52.71	1.40803
52.72	1.40671
52.73	1.40524
52.74	1.40364
52.75	1.40189
52.76	1.40001
52.77	1.39798
52.78	1.39582
52.79	1.39351
52.8	1.39107
52.81	1.38849
52.82	1.38576
52.83	1.3829
52.84	1.3799
52.85	1.37677
52.86	1.37349
52.87	1.37008
52.88	1.36653
52.89	1.36285
52.9	1.35902
52.91	1.35507
52.92	1.35097
52.93	1.34674
52.94	1.34238
52.95	1.33788
52.96	1.33325
52.97	1.32849
52.98	1.32359
52.99	1.31856
53	1.3134
53.01	1.30811
53.02	1.30268
53.03	1.29713
53.04	1.29145
53.05	1.28563
53.06	1.27969
53.07	1.27362
53.08	1.26742
53.09	1.2611
53.1	1.25465
53.11	1.24808
53.12	1.24138
53.13	1.23455
53.14	1.22761
53.15	1.22054
53.16	1.21334
53.17	1.20603
53.18	1.1986
53.19	1.19104
53.2	1.18337
53.21	1.17558
53.22	1.16767
53.23	1.15964
53.24	1.1515
53.25	1.14324
53.26	1.13487
53.27	1.12639
53.28	1.11779
53.29	1.10908
53.3	1.10026
53.31	1.09133
53.32	1.08229
53.33	1.07314
53.34	1.06389
53.35	1.05453
53.36	1.04506
53.37	1.03549
53.38	1.02582
53.39	1.01604
53.4	1.00616
53.41	0.996181
53.42	0.986102
53.43	0.975924
53.44	0.965649
53.45	0.955277
53.46	0.94481
53.47	0.934248
53.48	0.923592
53.49	0.912845
53.5	0.902006
53.51	0.891077
53.52	0.880059
53.53	0.868953
53.54	0.857759
53.55	0.846481
53.56	0.835117
53.57	0.82367
53.58	0.812141
53.59	0.80053
53.6	0.788839
53.61	0.77707
53.62	0.765223
53.63	0.753299
53.64	0.7413
53.65	0.729226
53.66	0.71708
53.67	0.704863
53.68	0.692574
53.69	0.680217
53.7	0.667791
53.71	0.655299
53.72	0.642741
53.73	0.630118
53.74	0.617433
53.75	0.604686
53.76	0.591879
53.77	0.579012
53.78	0.566088
53.79	0.553107
53.8	0.54007
53.81	0.52698
53.82	0.513837
53.83	0.500642
53.84	0.487398
53.85	0.474104
53.86	0.460764
53.87	0.447377
53.88	0.433945
53.89	0.420471
53.9	0.406954
53.91	0.393396
53.92	0.379799
53.93	0.366164
53.94	0.352492
53.95	0.338786
53.96	0.325045
53.97	0.311272
53.98	0.297467
53.99	0.283633
54	0.269771
54.01	0.255881
54.02	0.241966
54.03	0.228027
54.04	0.214065
54.05	0.200082
54.06	0.186079
54.07	0.172057
54.08	0.158017
54.09	0.143962
54.1	0.129893
54.11	0.11581
54.12	0.101717
54.13	0.0876124
54.14	0.0734995
54.15	0.0593792
54.16	0.0452531
54.17	0.0311224
54.18	0.0169886
54.19	0.00285305
54.2	0.0112827
54.21	0.0254174
54.22	0.0395495
54.23	0.0536777
54.24	0.0678005
54.25	0.0819165
54.26	0.0960243
54.27	0.110123
54.28	0.12421
54.29	0.138284
54.3	0.152345
54.31	0.166391
54.32	0.18042
54.33	0.194431
54.34	0.208423
54.35	0.222393
54.36	0.236342
54.37	0.250267
54.38	0.264167
54.39	0.27804
54.4	0.291886
54.41	0.305702
54.42	0.319488
54.43	0.333242
54.44	0.346962
54.45	0.360648
54.46	0.374298
54.47	0.38791
54.48	0.401484
54.49	0.415017
54.5	0.428509
54.51	0.441958
54.52	0.455363
54.53	0.468722
54.54	0.482035
54.55	0.495299
54.56	0.508514
54.57	0.521678
54.58	0.534789
54.59	0.547847
54.6	0.560851
54.61	0.573798
54.62	0.586688
54.63	0.599519
54.64	0.612291
54.65	0.625001
54.66	0.637648
54.67	0.650232
54.68	0.662751
54.69	0.675203
54.7	0.687588
54.71	0.699905
54.72	0.712151
54.73	0.724326
54.74	0.736428
54.75	0.748457
54.76	0.760411
54.77	0.772289
54.78	0.78409
54.79	0.795813
54.8	0.807455
54.81	0.819018
54.82	0.830498
54.83	0.841895
54.84	0.853208
54.85	0.864435
54.86	0.875576
54.87	0.88663
54.88	0.897595
54.89	0.90847
54.9	0.919254
54.91	0.929947
54.92	0.940546
54.93	0.951051
54.94	0.961462
54.95	0.971776
54.96	0.981993
54.97	0.992111
54.98	1.00213
54.99	1.01205
55	1.02187
55.01	1.03158
55.02	1.0412
55.03	1.05071
55.04	1.06011
55.05	1.06941
55.06	1.0786
55.07	1.08768
55.08	1.09665
55.09	1.10552
55.1	1.11427
55.11	1.12291
55.12	1.13144
55.13	1.13986
55.14	1.14816
55.15	1.15635
55.16	1.16442
55.17	1.17238
55.18	1.18022
55.19	1.18794
55.2	1.19554
55.21	1.20302
55.22	1.21039
55.23	1.21763
55.24	1.22475
55.25	1.23174
55.26	1.23862
55.27	1.24537
55.28	1.25199
55.29	1.25849
55.3	1.26486
55.31	1.27111
55.32	1.27723
55.33	1.28323
55.34	1.28909
55.35	1.29483
55.36	1.30043
55.37	1.30591
55.38	1.31125
55.39	1.31647
55.4	1.32155
55.41	1.3265
55.42	1.33132
55.43	1.336
55.44	1.34055
55.45	1.34497
55.46	1.34925
55.47	1.3534
55.48	1.35741
55.49	1.36129
55.5	1.36503
55.51	1.36863
55.52	1.3721
55.53	1.37543
55.54	1.37862
55.55	1.38168
55.56	1.38459
55.57	1.38737
55.58	1.39001
55.59	1.39251
55.6	1.39487
55.61	1.39709
55.62	1.39917
55.63	1.40112
55.64	1.40292
55.65	1.40458
55.66	1.4061
55.67	1.40748
55.68	1.40872
55.69	1.40982
55.7	1.41078
55.71	1.41159
55.72	1.41227
55.73	1.4128
55.74	1.41319
55.75	1.41345
55.76	1.41356
55.77	1.41352
55.78	1.41335
55.79	1.41304
55.8	1.41258
55.81	1.41199
55.82	1.41125
55.83	1.41037
55.84	1.40935
55.85	1.40819
55.86	1.40689
55.87	1.40545
55.88	1.40386
55.89	1.40214
55.9	1.40028
55.91	1.39827
55.92	1.39613
55.93	1.39385
55.94	1.39142
55.95	1.38886
55.96	1.38616
55.97	1.38332
55.98	1.38035
55.99	1.37723
56	1.37398
56.01	1.37059
56.02	1.36706
56.03	1.3634
56.04	1.3596
56.05	1.35566
56.06	1.35159
56.07	1.34738
56.08	1.34304
56.09	1.33856
56.1	1.33395
56.11	1.32921
56.12	1.32433
56.13	1.31932
56.14	1.31418
56.15	1.30891
56.16	1.30351
56.17	1.29797
56.18	1.29231
56.19	1.28652
56.2	1.2806
56.21	1.27455
56.22	1.26837
56.23	1.26207
56.24	1.25564
56.25	1.24908
56.26	1.2424
56.27	1.2356
56.28	1.22867
56.29	1.22162
56.3	1.21445
56.31	1.20715
56.32	1.19974
56.33	1.1922
56.34	1.18455
56.35	1.17677
56.36	1.16888
56.37	1.16088
56.38	1.15275
56.39	1.14451
56.4	1.13616
56.41	1.12769
56.42	1.11912
56.43	1.11042
56.44	1.10162
56.45	1.09271
56.46	1.08369
56.47	1.07456
56.48	1.06532
56.49	1.05597
56.5	1.04652
56.51	1.03697
56.52	1.02731
56.53	1.01755
56.54	1.00769
56.55	0.997724
56.56	0.987661
56.57	0.977499
56.58	0.967239
56.59	0.956883
56.6	0.946431
56.61	0.935884
56.62	0.925243
56.63	0.914511
56.64	0.903686
56.65	0.892771
56.66	0.881767
56.67	0.870675
56.68	0.859496
56.69	0.848231
56.7	0.836881
56.71	0.825447
56.72	0.813931
56.73	0.802333
56.74	0.790655
56.75	0.778898
56.76	0.767063
56.77	0.755152
56.78	0.743165
56.79	0.731103
56.8	0.718969
56.81	0.706762
56.82	0.694485
56.83	0.682139
56.84	0.669724
56.85	0.657242
56.86	0.644695
56.87	0.632083
56.88	0.619408
56.89	0.606671
56.9	0.593873
56.91	0.581016
56.92	0.568101
56.93	0.555129
56.94	0.542102
56.95	0.52902
56.96	0.515885
56.97	0.502699
56.98	0.489463
56.99	0.476177
57	0.462844
57.01	0.449465
57.02	0.436041
57.03	0.422573
57.04	0.409063
57.05	0.395512
57.06	0.381921
57.07	0.368292
57.08	0.354627
57.09	0.340926
57.1	0.327191
57.11	0.313423
57.12	0.299624
57.13	0.285795
57.14	0.271937
57.15	0.258052
57.16	0.244141
57.17	0.230206
57.18	0.216248
57.19	0.202268
57.2	0.188268
57.21	0.174249
57.22	0.160213
57.23	0.146161
57.24	0.132094
57.25	0.118014
57.26	0.103922
57.27	0.0898198
57.28	0.0757085
57.29	0.0615897
57.3	0.0474647
57.31	0.033335
57.32	0.019202
57.33	0.00506698
57.34	0.00906849
57.35	0.0232031
57.36	0.0373353
57.37	0.0514638
57.38	0.0655872
57.39	0.079704
57.4	0.0938128
57.41	0.107912
57.42	0.122001
57.43	0.136077
57.44	0.15014
57.45	0.164188
57.46	0.178219
57.47	0.192233
57.48	0.206227
57.49	0.220201
57.5	0.234153
57.51	0.248081
57.52	0.261984
57.53	0.275862
57.54	0.289711
57.55	0.303532
57.56	0.317322
57.57	0.331081
57.58	0.344807
57.59	0.358498
57.6	0.372153
57.61	0.385771
57.62	0.39935
57.63	0.412889
57.64	0.426388
57.65	0.439843
57.66	0.453255
57.67	0.466621
57.68	0.47994
57.69	0.493212
57.7	0.506434
57.71	0.519606
57.72	0.532725
57.73	0.545792
57.74	0.558803
57.75	0.571759
57.76	0.584658
57.77	0.597498
57.78	0.610278
57.79	0.622998
57.8	0.635655
57.81	0.648249
57.82	0.660777
57.83	0.67324
57.84	0.685635
57.85	0.697962
57.86	0.710219
57.87	0.722405
57.88	0.734519
57.89	0.746559
57.9	0.758524
57.91	0.770414
57.92	0.782227
57.93	0.793961
57.94	0.805616
57.95	0.817191
57.96	0.828683
57.97	0.840093
57.98	0.851419
57.99	0.86266
58	0.873814
58.01	0.884882
58.02	0.89586
58.03	0.906749
58.04	0.917547
58.05	0.928254
58.06	0.938868
58.07	0.949388
58.08	0.959813
58.09	0.970141
58.1	0.980373
58.11	0.990507
58.12	1.00054
58.13	1.01048
58.14	1.02031
58.15	1.03004
58.16	1.03967
58.17	1.0492
58.18	1.05862
58.19	1.06793
58.2	1.07714
58.21	1.08624
58.22	1.09523
58.23	1.10411
58.24	1.11288
58.25	1.12154
58.26	1.13009
58.27	1.13852
58.28	1.14684
58.29	1.15505
58.3	1.16314
58.31	1.17111
58.32	1.17897
58.33	1.18671
58.34	1.19433
58.35	1.20183
58.36	1.20921
58.37	1.21647
58.38	1.22361
58.39	1.23062
58.4	1.23751
58.41	1.24428
58.42	1.25093
58.43	1.25745
58.44	1.26384
58.45	1.27011
58.46	1.27625
58.47	1.28226
58.48	1.28815
58.49	1.2939
58.5	1.29953
58.51	1.30502
58.52	1.31039
58.53	1.31562
58.54	1.32073
58.55	1.3257
58.56	1.33054
58.57	1.33524
58.58	1.33981
58.59	1.34425
58.6	1.34856
58.61	1.35273
58.62	1.35676
58.63	1.36066
58.64	1.36442
58.65	1.36804
58.66	1.37153
58.67	1.37488
58.68	1.3781
58.69	1.38117
58.7	1.38411
58.71	1.38691
58.72	1.38957
58.73	1.39209
58.74	1.39447
58.75	1.39672
58.76	1.39882
58.77	1.40078
58.78	1.40261
58.79	1.40429
58.8	1.40583
58.81	1.40724
58.82	1.4085
58.83	1.40962
58.84	1.4106
58.85	1.41144
58.86	1.41213
58.87	1.41269
58.88	1.41311
58.89	1.41338
58.9	1.41351
58.91	1.4135
58.92	1.41335
58.93	1.41306
58.94	1.41263
58.95	1.41205
58.96	1.41134
58.97	1.41048
58.98	1.40948
58.99	1.40834
59	1.40706
59.01	1.40564
59.02	1.40408
59.03	1.40238
59.04	1.40054
59.05	1.39856
59.06	1.39644
59.07	1.39418
59.08	1.39178
59.09	1.38924
59.1	1.38656
59.11	1.38374
59.12	1.38079
59.13	1.37769
59.14	1.37446
59.15	1.37109
59.16	1.36759
59.17	1.36394
59.18	1.36016
59.19	1.35625
59.2	1.3522
59.21	1.34801
59.22	1.34369
59.23	1.33924
59.24	1.33465
59.25	1.32993
59.26	1.32507
59.27	1.32008
59.28	1.31496
59.29	1.30971
59.3	1.30433
59.31	1.29882
59.32	1.29317
59.33	1.2874
59.34	1.2815
59.35	1.27547
59.36	1.26931
59.37	1.26303
59.38	1.25662
59.39	1.25009
59.4	1.24342
59.41	1.23664
59.42	1.22973
59.43	1.2227
59.44	1.21555
59.45	1.20827
59.46	1.20087
59.47	1.19336
59.48	1.18572
59.49	1.17797
59.5	1.1701
59.51	1.16211
59.52	1.154
59.53	1.14578
59.54	1.13745
59.55	1.129
59.56	1.12044
59.57	1.11176
59.58	1.10298
59.59	1.09408
59.6	1.08508
59.61	1.07597
59.62	1.06674
59.63	1.05742
59.64	1.04798
59.65	1.03845
59.66	1.0288
59.67	1.01906
59.68	1.00921
59.69	0.999266
59.7	0.989218
59.71	0.979072
59.72	0.968828
59.73	0.958486
59.74	0.948049
59.75	0.937518
59.76	0.926892
59.77	0.916174
59.78	0.905364
59.79	0.894464
59.8	0.883474
59.81	0.872396
59.82	0.86123
59.83	0.849979
59.84	0.838642
59.85	0.827222
59.86	0.815719
59.87	0.804134
59.88	0.792469
59.89	0.780724
59.9	0.768902
59.91	0.757003
59.92	0.745028
59.93	0.732978
59.94	0.720855
59.95	0.708661
59.96	0.696395
59.97	0.684059
59.98	0.671656
59.99	0.659185
60	0.646648
60.01	0.634046
60.02	0.621381
60.03	0.608654
60.04	0.595866
60.05	0.583019
60.06	0.570113
60.07	0.55715
60.08	0.544132
60.09	0.531059
60.1	0.517933
60.11	0.504755
60.12	0.491526
60.13	0.478249
60.14	0.464924
60.15	0.451552
60.16	0.438135
60.17	0.424674
60.18	0.411171
60.19	0.397627
60.2	0.384042
60.21	0.37042
60.22	0.35676
60.23	0.343065
60.24	0.329336
60.25	0.315573
60.26	0.301779
60.27	0.287955
60.28	0.274102
60.29	0.260222
60.3	0.246315
60.31	0.232384
60.32	0.21843
60.33	0.204454
60.34	0.190457
60.35	0.176442
60.36	0.162408
60.37	0.148359
60.38	0.134295
60.39	0.120217
60.4	0.106127
60.41	0.0920268
60.42	0.0779172
60.43	0.0637999
60.44	0.0496761
60.45	0.0355474
60.46	0.0214152
60.47	0.00728079
60.48	0.00685433
60.49	0.0209888
60.5	0.0351211
60.51	0.0492499
60.52	0.0633738
60.53	0.0774913
60.54	0.0916011
60.55	0.105702
60.56	0.119792
60.57	0.13387
60.58	0.147935
60.59	0.161985
60.6	0.176018
60.61	0.190034
60.62	0.204031
60.63	0.218008
60.64	0.231963
60.65	0.245895
60.66	0.259802
60.67	0.273683
60.68	0.287537
60.69	0.301362
60.7	0.315156
60.71	0.32892
60.72	0.34265
60.73	0.356346
60.74	0.370007
60.75	0.38363
60.76	0.397215
60.77	0.410761
60.78	0.424265
60.79	0.437727
60.8	0.451145
60.81	0.464518
60.82	0.477845
60.83	0.491124
60.84	0.504353
60.85	0.517533
60.86	0.53066
60.87	0.543734
60.88	0.556754
60.89	0.569719
60.9	0.582626
60.91	0.595475
60.92	0.608265
60.93	0.620994
60.94	0.63366
60.95	0.646263
60.96	0.658802
60.97	0.671275
60.98	0.683681
60.99	0.696018
61	0.708285
61.01	0.720482
61.02	0.732607
61.03	0.744658
61.04	0.756636
61.05	0.768537
61.06	0.780361
61.07	0.792108
61.08	0.803775
61.09	0.815362
61.1	0.826867
61.11	0.83829
61.12	0.849629
61.13	0.860883
61.14	0.87205
61.15	0.883131
61.16	0.894123
61.17	0.905026
61.18	0.915838
61.19	0.926559
61.2	0.937187
61.21	0.947722
61.22	0.958161
61.23	0.968505
61.24	0.978752
61.25	0.988901
61.26	0.998951
61.27	1.0089
61.28	1.01875
61.29	1.0285
61.3	1.03814
61.31	1.04768
61.32	1.05712
61.33	1.06645
61.34	1.07567
61.35	1.08479
61.36	1.0938
61.37	1.1027
61.38	1.11148
61.39	1.12016
61.4	1.12872
61.41	1.13718
61.42	1.14552
61.43	1.15374
61.44	1.16185
61.45	1.16984
61.46	1.17771
61.47	1.18547
61.48	1.19311
61.49	1.20063
61.5	1.20803
61.51	1.21531
61.52	1.22246
61.53	1.2295
61.54	1.23641
61.55	1.2432
61.56	1.24986
61.57	1.2564
61.58	1.26282
61.59	1.2691
61.6	1.27526
61.61	1.2813
61.62	1.2872
61.63	1.29298
61.64	1.29862
61.65	1.30414
61.66	1.30952
61.67	1.31478
61.68	1.3199
61.69	1.32489
61.7	1.32975
61.71	1.33448
61.72	1.33907
61.73	1.34353
61.74	1.34786
61.75	1.35205
61.76	1.3561
61.77	1.36002
61.78	1.3638
61.79	1.36745
61.8	1.37096
61.81	1.37433
61.82	1.37757
61.83	1.38066
61.84	1.38362
61.85	1.38644
61.86	1.38913
61.87	1.39167
61.88	1.39407
61.89	1.39634
61.9	1.39846
61.91	1.40045
61.92	1.4023
61.93	1.404
61.94	1.40557
61.95	1.40699
61.96	1.40827
61.97	1.40942
61.98	1.41042
61.99	1.41128
62	1.412
62.01	1.41258
62.02	1.41301
62.03	1.41331
62.04	1.41346
62.05	1.41348
62.06	1.41335
62.07	1.41308
62.08	1.41267
62.09	1.41211
62.1	1.41142
62.11	1.41059
62.12	1.40961
62.13	1.40849
62.14	1.40724
62.15	1.40584
62.16	1.4043
62.17	1.40262
62.18	1.4008
62.19	1.39884
62.2	1.39674
62.21	1.3945
62.22	1.39213
62.23	1.38961
62.24	1.38695
62.25	1.38416
62.26	1.38122
62.27	1.37815
62.28	1.37494
62.29	1.37159
62.3	1.36811
62.31	1.36449
62.32	1.36073
62.33	1.35684
62.34	1.35281
62.35	1.34864
62.36	1.34434
62.37	1.33991
62.38	1.33534
62.39	1.33064
62.4	1.3258
62.41	1.32084
62.42	1.31574
62.43	1.31051
62.44	1.30515
62.45	1.29965
62.46	1.29403
62.47	1.28828
62.48	1.2824
62.49	1.27639
62.5	1.27025
62.51	1.26399
62.52	1.2576
62.53	1.25108
62.54	1.24444
62.55	1.23768
62.56	1.23079
62.57	1.22378
62.58	1.21664
62.59	1.20939
62.6	1.20201
62.61	1.19451
62.62	1.1869
62.63	1.17916
62.64	1.17131
62.65	1.16334
62.66	1.15525
62.67	1.14705
62.68	1.13873
62.69	1.1303
62.7	1.12176
62.71	1.1131
62.72	1.10433
62.73	1.09546
62.74	1.08647
62.75	1.07737
62.76	1.06817
62.77	1.05886
62.78	1.04944
62.79	1.03992
62.8	1.03029
62.81	1.02057
62.82	1.01074
